-2.308157
2.562032
2.590508
0.418052
0.655238
1.275820
0.713837
1.397604
-0.866519
-1.573247
-3.276541
-0.000302
0.538523
2.878966
1.226044
-5.340204
-1.400110
-4.559242
-2.485252
0.484351
-0.470466
-1.035939
-0.220236
5.626089
-1.132401
-1.655194
3.879151
1.161687
-1.850764
-1.103027
2.039311
-1.353480
5.281418
2.997256
-0.979970
-4.746022
-4.484642
-2.499596
-7.910624
-0.002277
3.680814
2.813458
-0.682485
0.469880
1.599439
-0.460297
-2.147175
0.882938
-1.437795
1.095543
1.326399
-3.315234
-6.159418
-4.345647
0.111639
-1.841871
1.827123
-5.554214
-1.607284
4.606933
-4.167299
-3.647433
-2.756146
-2.118188
-0.257534
-1.383652
0.242212
-0.721187
3.057146
2.805916
-3.981310
-2.975152
-1.031529
3.817166
-2.663070
-0.040160
-3.201638
-1.562127
3.036549
1.517145
4.990436
-2.828919
-1.432016
-3.475987
-0.804375
0.333131
1.446683
-1.106607
0.397378
-0.198780
-0.588224
0.644168
3.891196
-3.486483
5.226663
-0.461707
2.406298
2.479612
-1.999925
-1.992851
-1.438577
0.804386
0.824678
3.348665
-0.931742
3.522905
0.962928
-1.622670
-3.004162
1.302335
-0.321861
0.250248
1.974569
-0.418052
-1.319812
4.363524
-2.419468
-2.547516
0.583175
-0.794339
4.055659
-3.360335
-5.562905
-4.954565
-0.833422
-3.020958
0.107404
5.010385
-5.011923
1.387884
1.504089
-2.310854
-1.989706
-2.250794
-2.614330
-2.487725
-0.823109
3.569321
-4.437278
1.451641
-0.936991
3.225178
2.896923
-0.387145
-0.289193
-2.748831
-2.612398
-2.176313
-2.718819
-1.171120
-0.802279
0.853737
-5.391495
1.606791
-2.320396
-1.588301
1.382350
3.174595
-0.921139
-0.652614
-1.451797
1.121873
3.647484
2.922836
0.133338
-3.614964
0.610208
-4.918408
0.077016
-0.859808
1.990717
-1.593284
5.731241
-3.111496
0.101564
0.684785
1.055347
-1.506555
0.831042
0.005370
-2.535286
4.668179
-0.469905
4.983889
-1.180227
0.922853
-3.081197
-4.042913
3.345234
0.306606
-4.427940
0.485015
1.991377
0.646476
5.176919
-3.082675
1.946449
-2.137798
-0.699739
1.665231
-3.510044
0.532826
6.352734
1.545189
-6.073341
-4.771011
8.650963
9.140630
0.393024
6.685332
10.869356
0.520598
-5.256141
5.910513
5.659953
-3.893338
-5.596279
1.829387
7.158384
-1.120906
2.080479
2.520136
6.115507
5.525953
-4.817156
4.595601
-0.820847
-0.346314
4.202295
-5.726768
-6.994932
7.064393
2.609910
-0.299709
1.983123
0.437782
-1.398105
1.659898
-3.139085
-1.205691
2.757028
-2.212412
-3.193579
-1.692659
-3.012525
-3.459327
4.229083
6.572536
-5.665998
0.461818
-0.476644
2.585320
7.306201
2.022249
-1.704192
3.238376
3.326110
-5.241275
-0.323114
-2.815603
0.188415
-3.509626
-3.345408
4.072218
-2.238076
5.580440
-1.100034
-5.284893
-0.714616
-0.903101
6.927455
-6.580863
1.736193
1.671901
-2.415905
1.367741
-0.458535
-1.739864
-1.814945
-5.378733
1.427943
-7.279113
-6.204342
4.323139
-1.569969
-0.816603
-2.063075
-1.468510
-1.771851
3.284040
0.443838
1.329208
-2.418818
0.504160
2.728555
-0.853751
5.375595
-4.765905
3.214538
-2.730896
-0.640576
1.328781
1.988689
2.566135
4.492960
-4.878866
0.262536
2.359630
-4.921813
-3.599262
2.662862
1.772022
-4.778825
-1.083055
4.564923
0.045473
1.000381
-3.626538
4.043139
-1.360887
-4.912973
-1.713954
-3.024800
-0.652297
-7.333502
-5.866168
0.682389
-4.114958
4.657433
-0.331945
1.818528
-2.996346
-2.348828
-1.452394
-6.050360
-0.456856
0.755710
-3.276390
-1.689896
-2.323739
-8.670000
1.539481
2.836629
3.882267
-0.367095
1.540341
-0.541788
13.824353
-3.111350
5.589302
-2.781319
-3.126625
-4.022923
3.074344
-0.149663
2.238053
1.530425
-3.693517
-3.001326
2.063202
-0.454609
3.284981
-6.446581
-8.559293
-0.484133
3.549699
0.741142
-0.299391
-0.947249
-0.695013
4.967594
-0.798696
-0.120582
1.521982
-1.695043
3.221877
4.920616
-1.338294
5.458388
-0.862762
6.032846
-6.880726
0.413780
4.707325
-4.557729
6.504620
-0.438316
-3.027207
2.258205
5.323243
4.386863
1.802994
0.031977
-1.602243
-1.491208
2.554367
0.130513
-1.975520
-0.963610
0.836572
-0.328603
-0.590728
-6.940657
-1.595321
4.030334
-1.027594
-1.424290
7.177347
-2.925889
-4.431777
2.203661
-3.336117
1.571018
4.033768
4.445209
0.385250
5.020014
7.208440
6.358272
-1.084923
-2.582940
-0.778143
0.207067
-2.144020
2.144187
3.143829
-4.770261
5.799392
2.145383
-3.459150
0.945671
-1.228721
3.364163
-3.129742
3.259427
-5.284943
1.254020
1.458483
0.303972
7.192471
1.357675
-1.201373
-2.394632
1.551412
-2.255195
-2.735060
4.933469
0.509532
-3.703621
-1.407514
2.833071
2.796828
1.486458
-3.010113
4.645210
1.769236
0.115761
0.682645
3.579736
2.079183
-1.955820
6.013816
-1.080535
-3.114353
3.327397
-0.891675
-2.666731
0.294355
0.404811
-2.335406
3.346073
2.081243
-10.479260
0.641227
-1.406582
0.757570
2.710461
0.686189
-4.235878
7.004929
-0.156586
0.627744
1.512914
4.048334
-7.439577
5.468350
1.237414
0.260452
4.683819
-8.635060
-4.036467
0.426339
-4.343507
-1.135548
-0.626255
-2.474387
0.356547
-5.152666
3.861518
3.067483
-2.991681
5.816475
-2.116944
2.076648
-3.453419
-1.964323
-1.997142
0.177532
-6.787302
-3.374232
6.447797
4.184245
-0.865149
-0.877541
-1.251085
-2.414589
-1.728819
-1.548650
7.089708
-2.708632
9.390501
0.100988
2.765646
-3.951781
-5.334068
2.036919
7.737218
0.716496
2.125208
-2.926065
-0.740069
8.694037
0.343777
-1.100973
2.572023
7.904156
3.418555
-3.897910
2.607111
1.015945
-1.303173
-0.953002
-0.823657
-0.629302
-0.092336
-5.165250
-6.655043
1.371275
1.453716
-2.748296
-2.367227
8.003277
4.779472
1.676817
-1.184164
-0.777554
1.681843
-9.168146
-4.339939
0.540299
4.873212
2.555326
0.362226
-1.902487
-0.394886
1.926981
-3.224973
-3.673570
-1.023578
-4.101650
-0.121868
-1.793976
6.772280
-1.838600
-3.758890
1.901080
5.449260
4.974657
5.421283
1.176219
-0.775278
1.056740
0.138753
-2.678059
0.931346
-2.664577
-0.890015
-2.515956
-2.115499
-0.754703
-0.480147
6.543199
3.913917
1.308289
1.609745
0.636670
-4.957447
-4.433298
-4.591139
-8.412538
2.690761
-2.633906
5.706748
-2.963816
2.919169
3.642067
-2.325586
-2.803037
3.102324
1.959054
-5.114280
0.324502
1.243986
2.671183
-3.642969
-4.078547
0.642549
-0.519500
4.443138
4.581658
2.058718
2.706466
1.929577
-0.547800
0.272103
0.471929
0.442407
-1.682810
-1.875494
2.848827
-1.284122
-4.550519
0.416241
0.308506
-1.774049
2.370823
-2.046160
0.571995
1.241912
2.635672
1.823642
-2.648707
-1.251146
-1.382576
-5.721650
1.162140
4.505051
2.906491
-0.282624
2.743438
5.145453
1.864448
-1.268637
0.616932
1.576257
-2.934571
0.301933
2.849108
1.032248
-6.293396
1.764394
1.146057
-0.053839
3.241000
-1.546715
-0.703103
3.440308
1.867161
-0.662049
-7.596314
-0.581853
0.622701
-1.018663
2.177889
-0.551421
0.951697
-2.590451
2.167926
-4.524375
4.154654
-0.288183
2.450374
-1.731790
-0.468895
-1.738377
-1.820921
-2.566493
2.236925
-3.465748
1.811766
2.322458
2.525960
1.265242
3.187985
0.412022
-2.978781
2.137344
-3.717266
0.008830
-0.234920
0.361983
-0.507994
1.511987
-1.229164
-0.330779
3.163464
1.001734
-2.943337
1.987659
-6.881679
0.937688
-3.402645
0.214312
-1.805263
0.184827
4.063307
-2.080386
-0.055303
-4.857262
1.675871
2.424276
-0.173096
-1.186545
-3.513188
0.636705
-4.809515
6.861866
5.456420
-1.871524
2.928540
-1.116036
0.453704
-0.512712
1.605782
3.040547
-2.641276
-2.643117
0.833189
0.619789
-5.620769
0.474197
1.807116
-1.415607
-4.194209
-0.332524
-1.612159
-5.907959
-7.024747
2.926557
-2.941825
1.928160
-2.327991
-4.373793
0.513634
1.809849
-0.250122
-1.689044
-0.290415
4.218615
3.648042
1.190633
2.567220
-2.396310
2.780000
1.074806
-2.059741
-0.059786
-0.011667
2.196898
-2.976398
-5.565647
3.584170
5.516482
-0.536254
-1.944525
-0.152324
-6.760033
2.530993
4.111331
1.419404
-0.622348
4.060147
-1.357113
-1.059577
4.235295
-2.868839
1.903577
3.811722
0.079675
3.400704
-5.053567
-0.644627
-0.275373
0.697888
-1.207922
0.241063
-2.046772
0.413790
-5.121787
-0.589051
3.019057
-1.180564
5.203091
-5.596114
3.787479
-1.995840
-3.655372
-2.973240
2.458107
-3.401129
-1.660807
0.539508
0.814672
-1.707061
3.061209
-5.455253
4.939462
7.830410
0.952693
2.398627
2.671818
0.170951
5.364622
3.598123
0.409082
-0.561654
-1.832727
4.644419
2.895760
0.844724
-2.811121
-0.673057
0.749434
2.658527
6.426817
0.528698
-1.120820
-5.234326
0.113998
0.581859
5.501324
-2.112179
0.712621
1.431384
-0.938405
2.659592
1.526314
3.156578
-1.173745
2.340904
3.144160
1.063295
-2.648456
1.532513
-3.418819
0.955727
2.920916
-9.969158
0.156616
6.374434
-1.436023
-2.946336
-1.254283
-3.214499
-0.832638
1.220483
1.416757
6.563398
1.154826
0.208549
-4.138706
3.165491
0.197352
0.633188
-2.702841
5.538827
-2.314749
2.106183
5.283072
5.115627
0.706373
0.362770
1.812774
-2.774955
-3.943412
-4.052305
2.763982
0.727153
-2.840894
0.305230
5.949265
3.060503
0.782525
-3.349919
-2.287039
2.626701
1.092256
3.143705
-3.823010
-7.326938
-3.083809
-1.230022
4.189596
2.071493
-1.470491
0.544798
0.232346
-3.791561
2.290474
-4.474076
-4.235500
0.455311
0.767581
-1.139795
2.539587
-3.250221
1.774715
-3.109068
-3.787506
2.928835
-3.202008
1.442559
-1.906192
-3.308837
-1.555595
-4.693856
0.724200
-0.020307
-2.169776
-2.133048
1.642073
-1.378609
7.647068
5.630479
-0.411456
-3.460766
-5.196171
-0.985763
-0.839816
-1.973719
0.187790
-2.118142
-0.892754
-0.917787
-1.933684
-2.059584
-0.170284
0.068415
-4.504805
-0.170830
-0.023213
2.063644
-4.300844
4.157038
1.803928
-0.288751
0.153012
-2.491481
0.258663
0.356170
-0.485648
-0.494685
-5.242062
1.261623
-2.359251
0.053497
3.763167
2.868818
0.349737
-0.906692
-2.026091
3.370784
4.016472
-0.455406
-3.144464
1.779778
-6.351153
2.926205
2.562203
-0.652861
2.797663
-0.775147
-3.658568
-1.409115
-6.273754
-1.491021
-0.762453
5.418856
-2.100647
6.117833
0.552385
5.489791
4.294254
4.258593
0.395851
0.943662
-2.040532
1.384089
1.418909
4.249349
-0.078311
-4.652732
3.511228
-5.622673
-6.814169
-1.045906
5.699661
0.468223
-7.293004
2.870457
10.872516
-3.259559
-5.417234
2.453712
5.521077
-2.439208
-5.747043
9.666435
1.406683
-2.533707
-2.971698
3.737305
2.099199
10.994210
-5.113492
5.785728
-7.251234
-5.468944
2.650989
-1.747210
0.591218
10.604543
3.160739
0.034023
10.221704
-4.216975
5.517767
1.989203
3.809094
-5.387710
-1.006603
-7.354656
-2.643039
1.000180
-5.161017
-3.369064
2.351542
-5.316710
-0.497056
-6.479430
4.997522
-0.526908
4.936311
-0.376526
-3.783322
3.629070
-2.676268
-1.209869
2.790130
2.468493
2.986094
-4.325693
-2.168615
2.570757
-4.632933
-1.215802
-3.653790
3.485920
-1.996212
1.172849
0.995808
-2.294443
2.537499
2.261116
0.193685
1.737396
-6.071119
1.603930
-5.942064
-6.762129
1.521308
-5.863527
-2.600221
-0.326898
2.211557
4.516793
-1.705586
-1.984852
-3.749269
-2.515119
-1.165827
1.284385
0.993065
2.890762
-3.488900
-1.164266
-2.738312
4.154175
3.637365
3.534458
0.174139
-1.529908
-0.148093
-2.568018
0.086058
-0.491348
-1.143116
-6.573333
-3.963507
0.208116
3.235519
-0.419535
0.359123
2.283430
-0.984574
-0.761636
-2.942103
-0.384736
0.833329
-0.179208
-1.821521
2.482652
2.291110
-1.561014
2.214785
3.790320
5.462793
-2.833931
0.696680
-2.328464
4.635749
2.345600
-0.926353
0.460641
2.840468
2.295926
-0.484601
2.116711
7.397685
0.230051
-1.783315
-4.883901
0.971911
2.459390
0.179402
-0.307086
-3.356584
-4.381825
3.345141
-0.940599
0.778218
5.502637
5.679805
2.318626
-3.645604
1.534642
1.118375
3.106716
-2.866233
0.611350
5.142949
-4.978776
0.128705
-4.815463
2.045685
5.520955
3.686888
-0.063903
5.039358
-0.925812
2.876651
-1.313558
1.208404
1.460492
0.474034
-1.878088
0.299446
0.394195
6.457322
-1.784963
0.783756
-3.140958
-3.950157
-5.568971
1.029420
-3.296126
0.374099
2.022103
-4.048829
5.122488
1.265782
6.422521
2.784000
2.178632
-0.072897
-0.217664
-6.081750
0.916232
-3.615305
-3.935134
-4.334322
-2.927236
2.293381
6.360813
-6.057214
3.070576
1.447635
3.605901
0.798438
1.126356
10.563312
-1.736485
0.156436
-0.359283
2.580168
6.714762
0.806369
5.009360
3.292516
-5.023495
-1.551627
3.123246
-4.855309
-8.164292
-2.994083
2.081851
-2.575197
-10.036552
-3.834583
-8.467649
0.656533
4.226121
5.118871
-4.144005
-2.016675
-1.492490
7.227638
4.133513
0.438722
0.009324
-4.679372
-0.442434
0.068172
3.662330
-5.741511
-7.573857
-1.189927
3.986470
-7.940468
-0.159213
1.325765
4.833315
2.054992
8.677424
4.953905
6.245036
-0.194704
3.218204
3.188694
-4.221768
0.422157
2.881151
0.723663
8.196638
-6.103268
-4.099884
-2.931781
-6.785706
-0.839507
3.862398
1.764558
-1.948660
3.369187
-1.186442
2.702896
9.417528
4.029846
1.801112
-1.920723
-0.563257
0.871258
-6.745894
-3.124862
3.014791
-1.157794
1.568993
-2.583987
2.822187
3.579771
-5.145876
-3.250175
-0.437598
-1.013277
1.054162
-0.891105
-0.292671
1.896560
-4.885444
4.680957
6.340088
-1.449645
5.073619
-2.925668
1.524654
1.691336
-1.565852
2.271999
-4.361336
-2.418080
-6.802691
-1.716812
2.466893
-4.896321
1.030702
-1.732989
-3.299952
-4.013176
-4.667533
-0.184854
2.661723
-1.165212
-0.705781
0.196897
-2.656067
-0.011999
0.537235
8.095348
-1.636453
-0.226319
0.232048
5.086019
-5.118059
-0.994935
2.313179
-8.174217
5.800948
-1.360987
-5.346259
4.313520
0.599469
-3.409042
-3.337287
-0.327864
-2.250665
3.102296
3.782626
1.814882
2.383654
4.822660
3.773696
-6.203102
2.897175
1.429547
0.092331
2.644525
0.016780
-1.418827
1.083332
-1.067976
-2.418513
3.737933
0.711739
-4.385301
-4.349294
4.000164
1.906992
-2.173358
-4.494624
-1.976333
-7.896355
-4.220589
4.050743
-1.892582
0.207146
-5.244084
-6.302247
0.210629
2.455063
0.051243
-4.288473
3.355141
-0.838252
-4.364700
1.794686
-1.711414
-0.134311
-1.453046
7.637284
-4.992499
4.747615
-1.726207
6.091636
1.321253
-2.194074
-1.753164
3.046009
0.286309
-4.393765
0.254498
0.099059
7.420800
-1.642445
-4.232598
-5.227190
-1.400284
-0.248060
-0.392999
5.409885
1.747517
2.303031
2.176865
-0.524704
2.444710
6.513043
-0.133521
-1.977181
-1.187283
6.522429
1.821221
-0.243686
1.770239
1.098042
4.239503
6.326246
0.271600
1.036148
2.013697
2.000561
3.887909
0.295096
-8.814541
10.136900
-0.288850
1.128966
4.954302
0.831100
-3.909687
3.218040
-6.385332
4.493070
4.739633
-3.973727
-1.520661
2.737352
2.811815
4.550136
3.885450
-2.673982
0.784097
-0.484444
-1.426059
-0.356006
5.351471
-5.134987
-3.200660
-2.378119
-1.586240
-4.792510
-2.911553
3.792070
-0.185265
-1.147462
2.254113
5.418491
-2.748763
3.844558
1.124050
1.809836
-2.650854
2.452690
3.063132
-4.248996
-0.841764
-0.023947
-2.401992
-3.295075
-1.189089
-2.568465
-5.632204
4.340561
2.644742
0.147755
-1.840183
-2.511202
6.573021
-0.635756
5.962734
-3.314930
0.800393
-6.394520
-2.611915
-3.046506
-5.363551
0.702353
4.729798
-1.372225
6.456142
2.189786
1.564301
-2.018401
-1.058066
2.813217
-0.943436
2.918838
6.241365
1.896831
-5.200308
0.173831
3.142956
-0.641923
-1.630631
-0.637457
2.384924
-3.127012
-2.022100
-0.183480
5.032567
-7.489651
-1.548336
-1.985333
-0.538567
-4.380816
-3.515278
-2.737584
-2.682049
-4.819182
4.397677
3.126418
-1.164210
2.414897
-1.152928
-0.256274
-3.081510
2.842725
-3.259252
2.176656
-0.702477
0.130976
-2.911450
1.328665
-0.334818
4.407824
2.084439
0.100766
4.816746
2.772096
-1.002941
5.092765
-3.159094
3.547202
2.257100
-3.484135
-6.185643
-3.346416
0.398704
-2.117715
5.091841
-6.644055
1.079188
-0.992941
-2.605889
1.860397
-2.837301
-2.869986
0.735351
-1.446424
-3.865068
-1.958482
-0.908231
-1.861148
-1.704322
2.331094
2.711110
-2.167483
4.017565
1.628646
3.830004
0.605752
3.273840
2.522229
0.138004
4.395870
-0.517182
1.590962
-2.470921
-4.011190
-2.113931
-4.834364
5.787909
-2.928162
2.330994
-3.259844
2.888465
-1.751487
5.116761
1.212134
0.453204
3.846088
2.337295
-0.940267
-0.590128
-5.235691
-4.325768
0.515619
-0.375339
1.954351
-1.251357
2.643004
3.497990
0.583110
2.475978
-5.399017
-0.111078
2.721806
-2.727686
0.073307
0.600269
5.723952
-0.009289
1.205161
1.820456
3.210001
3.071346
3.034142
4.579006
-1.817353
0.583920
0.205559
1.943731
2.883231
2.057252
4.556158
-4.715665
-1.191216
8.629984
-5.806065
-2.180013
2.285396
-0.717766
0.116472
3.237690
-4.397146
-3.985842
0.657226
-2.247155
-1.675710
-6.740069
-10.091907
2.899091
-5.193718
4.671814
0.831902
3.777955
-4.423625
1.197881
1.604824
2.784559
4.001102
4.802245
3.338505
-0.907905
1.529106
1.892538
-0.160468
3.098145
-0.021192
3.821269
0.842729
-1.223858
-2.425108
-1.251188
4.919634
-3.650373
0.494811
1.723293
-0.658068
-1.607937
0.000830
0.975013
2.883628
0.096267
6.880382
1.118639
-4.550983
4.075262
3.328030
2.828054
1.879076
-1.663703
-3.805291
-3.686145
-3.808860
1.902074
1.215967
-1.590246
-2.332138
-3.591046
2.735250
-7.811722
-1.588255
0.261817
0.470138
1.623186
2.470955
-2.517957
0.969088
2.845555
0.670890
0.430291
4.937880
-4.776385
-0.692310
-0.495755
2.686852
-2.430027
-2.109172
-2.669802
-1.559230
-1.845455
-1.207402
0.875171
0.194099
-0.056458
-0.134009
-0.102569
-1.377471
0.364858
3.614717
-1.027367
-3.421045
-4.677742
-0.734785
1.650102
0.283016
-2.684801
-2.350038
-1.242757
3.799518
-5.539372
2.886923
-0.172890
1.817188
2.570927
-2.099461
2.740298
-0.684844
2.084912
1.041771
-0.131993
-0.819772
-0.412682
-1.444638
2.540626
-0.889841
1.009876
-0.948341
-1.629390
0.051271
-1.605091
1.245856
-2.167039
0.636756
3.907143
1.119158
0.809941
1.104863
-0.462205
-2.374533
-2.405983
4.538417
5.102771
-4.156601
-2.075330
-0.044365
1.961488
-2.040421
1.260015
-0.750567
-2.976859
1.933701
1.850092
-1.244715
1.054264
-0.526863
-0.507133
0.420495
1.737089
-2.958057
0.784068
2.138578
0.348111
0.065627
-0.596967
3.882725
5.858344
-1.010351
2.029592
-0.994222
2.859221
0.063924
5.752509
-1.312255
4.498991
-2.958678
-3.251282
-0.390262
-0.093670
4.871639
-1.257917
4.784136
-5.032268
5.041354
2.549767
-1.905747
-1.610683
3.277629
1.175483
-2.242571
2.453164
2.460217
1.407006
-2.855378
-2.941208
0.907682
0.033543
-2.948688
2.719948
3.450137
1.976742
-3.261623
-3.547942
3.798479
-2.266853
1.798539
-0.342521
4.817114
-1.577819
-3.785425
-5.246120
-0.301816
-0.321330
4.396017
3.709403
-0.068586
0.958658
2.298026
3.897377
3.676116
3.042903
1.728433
0.171470
2.209079
-2.882068
-0.427126
-3.045163
-2.823758
-2.776410
1.849853
-4.704188
4.835186
0.481595
3.804235
3.590571
-5.123406
1.180950
0.901999
-1.115140
2.466305
-2.254097
2.072536
8.457988
-4.417871
0.494015
0.214483
-1.496227
2.899449
0.869193
-5.220189
0.143900
3.037061
0.573029
-1.122357
1.867522
0.258417
-0.649619
1.214951
2.446046
-3.822705
1.997475
3.109438
-2.493957
-1.670542
-3.521211
0.915870
4.109148
0.826371
2.063443
-0.465427
1.826923
3.545026
-2.042398
1.732620
-0.644657
6.504599
-4.407708
-0.239160
3.576433
3.191589
4.891173
-0.783476
3.776801
0.451352
-0.405376
-5.130111
-1.093539
-4.229819
1.578381
-0.647078
-1.417073
4.852282
6.206079
-2.678401
-2.451438
-4.639199
-5.510281
3.843879
6.881003
-0.641186
2.103041
-1.631503
-4.802897
0.752674
0.326797
1.693656
-2.048706
5.360817
-1.248243
1.262432
-4.213438
5.456195
0.146923
2.573322
1.559794
-2.457595
3.153397
-0.631972
2.525550
5.394622
2.718893
5.396811
-4.574540
0.729295
3.795673
2.034938
1.333360
1.668076
-0.419130
-4.662372
-2.878586
2.709124
-2.117191
-1.321246
0.190580
3.628702
0.154283
0.337417
-9.701901
-2.577227
-4.653575
-4.321373
2.957240
-0.080224
6.699420
-3.522385
-2.847364
-0.132407
7.376360
-4.363578
0.456049
-3.506962
-5.024775
-1.579161
3.064734
6.992125
-1.896680
-5.408969
-4.502897
0.335385
-3.262822
0.186953
3.051770
-1.895483
-1.160642
-3.438831
2.407185
5.983257
4.678736
-0.489267
1.681364
-0.086706
0.621443
0.962124
6.636554
1.642962
0.376441
-3.009879
1.701443
-3.084710
-8.314787
-4.894071
-0.945607
-0.672578
1.561911
2.474416
6.109544
2.092099
-4.508928
-0.478301
-0.948479
-3.739259
-1.953607
-1.516125
-1.406880
-7.507716
-5.163243
3.329360
3.688480
3.386260
0.622374
-4.165170
0.458234
1.424963
1.667078
-1.127180
-3.293146
1.050551
-0.273446
1.465782
4.404556
0.552715
-1.163934
0.065247
1.106246
4.341954
0.607093
-3.600190
0.242882
2.252664
-1.651149
1.039167
-1.409770
0.385154
-3.596209
3.109963
-4.162576
-1.863687
1.724612
-0.117695
-2.696893
1.960438
2.693750
-0.037219
2.254808
-3.280048
0.545973
4.885464
2.353104
0.896941
-0.829636
1.158302
2.497595
-1.442719
1.605066
2.853707
-1.175855
-1.433802
3.092009
1.167308
6.884272
1.655961
-2.058451
-5.999021
-2.222067
-0.413739
-1.777979
-0.492392
4.263060
-3.271918
-1.998778
8.713949
0.696631
11.023478
-7.963589
7.162372
1.492918
-3.965144
-2.119825
-2.676366
-0.692434
-5.059124
-1.392506
-4.332800
-0.688470
2.824166
-7.894793
4.617284
7.278838
-2.934084
-0.919185
0.337199
3.396070
-5.274633
-2.617757
0.729009
-1.905569
-1.986077
-5.391251
-7.305518
-5.324566
-2.086362
-3.463199
3.155720
-3.252596
-7.169463
-4.939126
1.711677
3.711611
-5.805349
-2.926646
-3.270607
1.373400
7.700085
2.555611
3.679807
-3.568514
1.798904
0.290590
4.407251
2.900527
-4.448072
-5.916690
-4.770354
-3.466792
2.600945
-0.983524
-3.584216
-2.419956
0.975037
1.010549
-1.431669
-2.890111
5.788362
2.065448
1.010097
2.278466
1.361333
0.132720
4.664737
2.152137
1.890799
2.864205
-0.901341
-3.966293
1.102285
-1.984195
0.022580
-1.518798
-1.265577
-1.107347
0.769253
0.810221
-0.357351
5.062402
0.944498
1.142645
-1.019984
1.249726
0.931961
-4.999999
-4.359717
2.099172
-4.639392
-6.819498
-4.653066
-0.042762
1.575696
-1.484853
2.624997
-3.571163
2.718496
-5.843332
3.833826
0.342445
5.984437
-1.266867
-1.106753
-0.594743
2.222112
2.587783
5.510772
2.478904
5.237950
-2.550732
-0.437413
-2.905087
-1.619452
-0.476182
-0.089947
5.812642
-6.297038
0.143328
1.183396
1.605294
2.948997
-3.161524
-2.204861
1.354385
-0.275655
0.651305
2.984913
1.806639
7.334998
1.423817
-5.693488
0.232758
-1.821346
6.972402
4.430220
3.280781
-0.953917
-7.055047
4.215859
0.334002
1.013135
1.085619
4.265520
-4.218885
2.700333
0.186380
4.821813
3.612935
0.373099
-4.981514
2.052010
-1.259443
-0.598708
-4.173991
-3.066286
2.558538
1.674476
-1.408086
4.766479
7.234975
-0.071805
0.360706
1.341831
-0.411318
0.831125
-3.064015
0.624784
-5.390824
1.867471
-3.050016
-0.419898
2.467328
4.478753
5.382500
-2.474510
-1.439198
2.372880
-0.688573
1.353555
1.495435
-1.602983
-5.863231
0.058190
3.345428
1.239865
5.893472
4.296814
2.313817
-0.412177
-2.995984
-4.666920
1.294093
-5.656413
1.533613
4.043001
-0.494443
4.452137
-3.549136
2.406964
-7.341380
2.526655
3.169946
-0.307082
2.778545
0.058133
-4.145659
-4.533332
-4.813942
-4.478181
-4.456303
0.642537
-2.288514
0.573072
4.996080
-2.646494
-3.922743
-1.057363
6.665698
-1.436924
-1.029414
5.394859
1.776311
-0.098237
-5.691478
3.322454
-2.286815
0.020188
-0.822632
2.336657
0.109408
-2.105047
-0.104134
3.887439
3.241663
1.235371
-4.752055
-0.287558
0.614856
-1.987542
0.578800
-0.441135
4.658118
-4.568493
-4.470871
2.153430
-1.874865
-0.001164
1.696003
-1.007309
-4.571198
5.086254
4.687759
-4.332907
-2.890838
-4.462413
-0.311172
-1.526402
-4.005182
1.026475
0.193473
-4.762765
-4.007759
-3.069321
-1.442750
-2.049084
-2.594680
7.278189
2.063574
-3.021934
-1.557583
0.879524
1.766677
2.253293
1.124810
1.830023
4.500223
1.497361
-5.047459
-0.572245
1.904451
3.150676
-2.756174
-4.795334
0.738544
-3.611646
-3.156344
-2.533252
1.338669
-2.193877
-6.327392
-1.726311
1.132950
-1.384186
3.528702
0.881269
-2.267770
2.098056
-2.673372
3.116841
0.955880
4.270659
-5.649083
0.303817
1.190420
2.236118
-3.244304
1.028853
-1.641980
-2.808703
3.127250
-1.635697
-0.879852
-5.253837
7.661251
-0.295144
-5.285184
0.910776
3.866966
-4.214571
-4.113583
-1.202058
5.454547
2.113252
-6.789086
2.745808
-3.413767
-5.398124
-4.477759
-2.431826
-0.202256
0.460567
-2.040659
2.996428
-7.280727
-1.935350
3.413834
-2.693080
2.544866
-4.413671
-0.004981
2.094480
-0.960059
0.035424
5.765695
0.907948
6.474006
-2.079731
-4.418485
-2.879282
-1.085382
-1.205204
-2.316602
-1.210417
-0.236983
-1.011738
1.847307
-6.726023
-2.662784
-4.561541
5.045752
1.849916
0.081648
5.303627
-5.989722
0.466810
4.846477
5.448456
-0.730714
0.777170
-0.702553
-6.312973
3.134731
2.632786
-5.192372
0.551042
-4.769697
5.820867
1.299470
0.570592
-6.132478
3.147286
4.914416
-1.660906
2.570832
-2.403859
1.444173
-2.620721
-1.397894
-6.292826
0.402037
3.365926
-0.214531
3.011648
0.625863
1.494651
-3.907617
4.444419
1.594942
-0.512089
-8.043850
-1.596844
-7.171806
-2.188397
-3.514060
1.347815
4.564186
-0.359194
0.919961
-0.709476
-2.538320
1.045926
5.146729
-1.171483
0.190431
1.169860
1.262686
2.060588
-2.951240
2.199418
-2.434910
1.799931
-1.927497
-4.768826
1.879946
0.188061
1.485650
-0.227030
-3.369579
3.662145
-1.169626
2.998965
2.401545
-0.898402
-0.340142
-1.735092
1.506507
3.243916
-0.494942
0.894112
-1.461548
-3.558762
-4.784369
2.081318
0.585678
-0.469099
-0.937427
2.362884
0.714577
-1.393818
1.148593
2.581493
1.938729
1.328283
-3.024154
-2.040374
2.595381
0.823006
1.841280
-1.169373
2.264274
-3.275219
2.687446
-0.923733
0.894225
5.931298
-1.789266
-2.259858
0.129281
0.245346
2.213415
-4.123390
0.777003
-0.901296
1.570473
-2.302925
3.449902
4.906702
1.868312
-0.967830
-5.632326
2.205969
-0.582553
0.957305
2.032328
-0.320846
-0.155513
1.195451
2.867324
-1.596571
3.019773
-2.375541
0.539177
4.169207
2.061162
-1.426950
2.047200
-2.165291
2.694678
-3.520334
0.025040
-2.846627
0.569078
-2.329285
-0.454852
-1.492767
-4.333404
-2.667828
-1.002208
2.378362
0.687116
1.731805
1.203827
1.202509
-6.091838
-0.301615
0.052189
0.008846
-3.961871
3.971635
-2.466221
-3.471038
-0.293045
2.496651
6.349453
0.878974
0.670476
0.075737
-2.974371
1.120877
0.521900
0.827876
-0.821356
-2.810109
-1.021582
-1.509555
-2.544933
3.438867
-1.038752
-4.813884
0.061422
-4.399641
-1.301225
-2.735480
0.318060
0.870518
-1.011479
-1.954778
2.400326
4.854667
1.259124
0.618771
-3.115921
0.206447
-0.311993
0.334297
-3.824584
0.687777
-1.819813
-4.570797
-5.744022
2.384946
3.167545
-1.667937
-1.607404
-0.861795
-2.559181
-3.232044
0.584758
-1.697098
-0.436017
4.052250
-3.051881
-5.401370
4.032356
2.365828
1.376072
1.286876
-0.571755
-1.785460
2.839334
-5.983453
-0.955161
3.469255
-1.510134
1.432520
1.371404
-1.177621
4.385573
0.686514
5.238363
2.423245
-0.112431
4.543298
-0.825131
-1.803670
2.154735
-1.143339
4.589695
-3.825571
4.392183
0.739992
0.736169
1.117188
-1.864059
-2.841258
1.168578
2.387021
-6.241612
3.458768
-2.784066
5.918692
-0.282086
-2.196192
-3.570966
-1.829862
-1.806488
1.169054
-2.424070
1.794673
0.772645
-0.380926
2.003251
1.620695
1.869079
-2.602008
1.961876
-0.189164
-1.818419
3.261219
-3.496111
-3.961234
-2.689834
-1.110997
0.748387
0.422355
-1.946109
1.067285
-1.665702
-1.362262
2.920000
3.014698
-1.579297
-0.990823
2.982041
-0.025482
2.294308
0.789465
-2.238391
-2.873303
3.186695
3.250550
-1.443013
-0.277200
0.597132
6.546755
-3.752110
0.864163
1.985320
1.933566
-0.640777
5.232510
-0.752942
-2.645636
3.472151
-3.308016
-7.051597
-1.406706
-1.302415
0.074533
-0.448247
-0.166450
-3.360479
-0.138983
1.188218
1.450172
1.828620
-0.350295
-0.937400
2.040577
5.406089
0.088023
2.129206
4.317876
2.706697
1.505691
1.868826
-0.087216
0.535526
1.295300
1.256677
-2.298067
-5.658734
-2.645295
0.835189
-1.971884
2.180662
0.903128
5.321397
2.726496
2.649085
4.065377
1.173425
2.134293
-6.104859
0.449319
1.811067
0.675448
6.189490
1.434710
6.459925
-8.951601
0.431738
3.832947
-0.127993
-3.760325
-0.517767
-4.460030
0.217558
-2.293263
0.210539
3.793138
-6.567016
-7.263680
1.930875
3.588175
4.344156
1.999857
6.310510
3.252345
13.223967
4.008394
6.202426
3.441627
0.091848
-2.145264
0.434335
0.828460
4.184809
-6.551965
0.351753
-3.549772
-0.500957
4.917874
-4.025811
3.664732
0.023692
5.326436
0.488723
-2.262106
-8.109332
-1.283728
-6.287880
-5.902195
6.233907
3.603486
-2.596848
3.252698
-0.528755
1.863465
0.967776
-0.956672
0.351627
1.630409
1.108524
1.225006
3.109429
-7.703395
4.533646
0.083145
-2.498576
5.348806
-0.452368
2.046266
5.141654
1.112370
-1.697514
-2.750497
1.581628
-2.446546
-5.440859
3.909216
-5.534992
-3.646425
0.202837
3.386086
-7.583800
1.157381
-0.922762
1.125069
-0.595697
-2.129974
-0.305586
-1.912588
-3.109683
5.568171
-6.435592
-2.421572
0.965060
6.492099
4.788612
0.286907
-1.783654
-5.167489
8.523614
-7.865163
3.677933
-3.085872
-0.543032
-4.561226
1.907562
-0.428605
-3.244503
0.898857
1.021170
-0.477698
0.516333
-0.768874
2.521656
-2.834531
2.374916
-0.639510
1.465107
4.410701
1.572260
-2.685058
0.500296
-0.703292
-1.504450
2.387828
0.577380
-6.283240
-2.019967
0.953232
-3.345612
0.080044
0.882654
-7.047285
-0.145717
2.918857
-0.056600
1.159947
-0.028227
0.487338
3.435900
2.966214
-3.741151
-0.797176
-4.043227
1.607142
-2.019079
-1.170361
0.633797
-4.215470
1.142858
3.743217
0.409622
1.484293
5.392791
3.203757
1.156067
0.225312
4.151058
-0.546397
0.403045
-4.571114
1.014960
5.971496
-0.093189
7.628182
-1.556709
-1.999186
-1.184384
-0.501474
0.854035
0.848838
2.183136
2.529672
2.728401
-0.048637
-2.679863
2.259953
4.118352
6.141326
7.940748
4.374364
-2.781754
5.379655
3.039036
-1.446111
-1.243931
-3.599878
0.167986
-3.996685
1.671218
-2.087274
6.225354
0.874895
-2.827370
0.386284
-0.470385
5.075972
0.635698
-4.902901
2.160586
1.392510
5.640516
0.114941
-0.563513
1.913855
-3.369897
-1.407455
2.317872
-1.072188
-3.817412
2.798724
-0.480506
-0.662500
4.468946
-0.538144
-2.456097
2.030245
-1.988671
4.283044
2.544860
3.621313
0.881540
2.478318
-1.012874
4.014422
3.767133
2.429228
2.223807
4.391779
-6.649714
-5.955376
0.895680
1.436357
5.677362
-5.274219
-3.090097
-5.692049
2.915250
-5.255883
1.991447
2.465596
2.297055
3.350257
2.111557
0.872738
-2.904817
2.005352
-4.041353
-1.639014
2.929481
-0.824980
-0.163717
1.612929
1.048940
2.225522
-2.703214
-1.793168
-0.505550
1.280294
-1.089790
0.788971
2.350852
-1.717728
-0.254412
0.787713
-2.331982
-0.316318
0.100461
0.443376
8.020742
0.225117
3.026708
1.677989
-6.488074
3.332510
-8.060183
2.489708
1.298945
3.205866
0.510377
0.503955
-3.208244
0.113715
2.135787
1.694514
-3.156912
1.287011
2.763156
2.415062
2.181877
4.466719
5.152075
-5.215844
-3.938439
-2.018891
2.218886
-5.329401
-4.696763
-4.540627
3.684469
-1.803076
-1.624375
1.412822
-7.118014
4.428196
0.492764
0.512403
-3.352960
-3.905542
0.590411
-1.675193
-1.195242
3.923372
-0.489510
2.729208
-1.822081
0.859402
1.969351
0.553846
2.848289
4.720493
-1.350805
-2.851418
-0.208017
-3.936457
5.658817
3.958322
-0.509430
3.326404
-1.221666
-1.243307
-2.552419
1.214084
1.784045
-4.636046
-1.692963
-3.820762
1.829526
1.369401
-1.203741
1.813417
2.722690
-0.633625
4.688390
-0.152675
2.000954
1.441441
1.097730
0.831050
0.444293
-2.544213
-2.233758
1.751239
-2.195666
-3.433741
2.769574
0.585088
0.188084
-0.686778
3.260783
2.731368
0.651010
-8.040822
-0.512444
-7.489157
2.265795
1.777228
-0.728574
-0.568959
0.589953
0.385706
2.143027
-1.127947
-1.262101
2.693183
1.826859
-4.187700
5.535598
-5.067336
-1.954256
3.472314
2.809713
-6.924691
-0.768135
4.999642
0.074452
-1.225242
0.235255
0.693786
1.008688
-3.360746
0.958732
-3.595109
6.297149
-1.476489
5.025955
1.255566
-1.103998
3.699412
1.848985
0.306608
4.339873
1.112621
4.418872
2.843447
3.633938
-0.308909
-0.127501
-0.109837
2.581743
-2.851846
-2.706936
6.391587
-5.708699
1.774238
-1.103934
-1.036775
-3.503697
0.703559
-3.343376
1.244628
4.248995
0.594063
3.208007
-2.820740
-1.794307
1.571045
1.090672
2.194732
0.460600
7.065421
-1.685977
0.784402
1.617023
0.633276
-3.949848
0.655025
1.350498
5.441381
0.843143
1.987044
-0.147151
6.385364
0.144511
-1.026805
2.430189
-1.123108
4.251221
2.477810
-4.315308
-6.058906
4.187452
-1.493949
5.005741
2.313793
4.284816
0.324191
-9.229932
-3.597196
2.553204
6.303872
-4.490826
-5.617103
0.545010
-5.990735
9.366339
-2.767309
3.286794
-0.076406
-5.133958
-1.327184
-0.749861
-1.521985
9.384222
-4.617932
1.258333
-1.360544
4.910875
-4.729645
0.440126
-0.767289
0.424416
-3.235751
-8.988018
7.011188
7.914162
-0.022400
1.276416
-5.014593
-4.245775
-8.408097
1.155331
0.518174
3.121798
-0.702072
0.706631
-1.536429
7.107897
1.103943
-0.125289
0.122840
-2.469454
-4.996612
-4.205751
-0.609765
-6.738917
1.538645
-3.778320
0.232993
8.848995
6.667238
0.092725
6.345333
5.651463
-0.616374
-4.087149
1.976102
-5.796480
-3.746685
-1.780102
5.294781
4.223639
0.378589
5.458645
-0.428538
-1.787200
-0.686098
3.337889
4.744041
2.137824
-2.720818
-2.336360
-2.187352
-0.014650
-0.172940
0.995335
-2.837557
-0.546753
6.620251
-4.202366
-2.162972
0.091468
3.388958
2.169617
-2.597086
-0.150369
-1.667954
4.324697
0.913582
-5.781683
0.109544
-0.386569
-1.180516
-4.074112
9.228714
9.056160
3.490331
1.639508
2.302028
1.657079
5.789646
-4.474022
-3.244600
-0.480264
-5.727829
1.208070
0.858724
0.534799
-1.032840
-4.856948
-10.347812
3.033322
-0.786772
0.220201
-0.668701
5.501348
-3.389306
-1.931283
-5.867246
2.468805
-1.050807
1.900851
-5.566045
-1.984040
-0.403832
-2.679132
2.197934
-6.112596
3.212560
-4.612784
4.146700
-6.763396
-2.986108
0.921936
3.996383
0.522500
-6.855589
0.230412
4.224870
-1.988526
-7.164284
-6.766836
-3.485655
-0.455063
-3.881195
3.211410
-6.178507
-0.706077
2.397049
-1.133634
-4.169931
4.210034
3.423063
3.361482
-1.191586
-2.651704
-6.331353
-0.408525
3.741486
-3.143614
3.974755
0.207026
-0.401479
0.296910
0.466710
0.554873
1.060462
6.439106
-0.436689
-4.499414
-6.146736
0.162979
0.660703
6.264176
4.728818
-2.216931
2.462637
4.918249
1.328768
1.939181
0.566331
8.606269
-5.191575
0.514459
-3.208136
-3.629464
0.438149
-4.707766
0.308085
-2.013517
-7.766997
1.703672
-3.531580
7.843489
6.487253
3.321562
2.277890
-1.436655
0.874239
-2.088190
7.934470
5.031723
-5.203631
3.601367
0.376385
-2.677879
-0.460138
-0.203291
-1.803327
-0.448683
-0.390941
3.886033
-3.930003
-1.088772
4.517095
1.026691
-0.590884
1.156501
2.367488
-4.642140
1.034724
-0.032901
-5.401375
-2.771642
5.795160
-3.412289
-0.843387
-0.785135
-6.229577
-7.000291
3.726264
2.575800
0.879206
-5.100227
-3.647747
4.816593
-3.046618
-2.790854
0.472360
-0.172914
2.688021
-0.906105
1.747435
0.126312
1.465882
-3.809362
-1.539043
-1.741643
-3.382673
-5.213618
6.951671
-3.878042
-0.060950
2.230413
1.622435
2.687047
6.719420
2.533254
4.964597
0.961121
-2.338814
5.311967
-0.902663
4.566329
-0.052080
-1.143621
2.478939
-2.245439
2.592401
0.094445
3.484843
2.188634
-0.825571
-2.303441
0.179389
-1.504878
0.198344
6.313277
-2.426960
-1.430399
-1.945911
1.294646
-0.032205
0.196099
0.623186
2.107072
0.118053
-1.849858
2.579404
1.249966
0.652456
0.676044
-2.283338
-2.596082
2.708536
-3.749966
-1.009304
-2.605349
-4.721596
-0.815918
-8.859881
-4.450001
2.318534
-0.387095
3.935830
-0.036343
1.733899
-1.882945
3.936361
4.566698
3.042317
-0.640728
-1.395427
-4.585160
-0.674028
4.301393
-0.964667
-0.720572
-1.630918
-4.324764
-1.668877
-0.471595
5.406521
0.090922
2.040722
-5.434141
3.091888
2.290221
0.225535
6.641052
0.103758
2.746315
-1.908757
-2.781583
3.367000
-5.478659
6.082660
0.227642
-0.263189
-2.743753
-2.126141
1.678532
2.222657
-1.040283
1.353280
-7.001790
-0.892607
-1.274277
1.111403
-5.351774
2.900284
-0.023150
4.196402
-0.327495
-0.461534
2.233800
4.805325
0.831169
1.824499
4.082885
-3.689347
2.554765
1.196872
2.143214
0.980138
0.653637
3.608397
-1.717517
3.235774
-4.995195
-4.993979
-0.778670
0.641433
0.990211
-2.295033
-0.841210
-3.091019
-1.076599
-0.278829
0.809942
-1.428665
3.725055
-2.026113
1.408603
1.461246
1.173991
-3.344823
-2.183669
2.690136
3.974519
3.443211
0.686666
1.967502
-2.350095
1.628174
-3.301034
-2.163242
4.448985
-0.077101
-0.535203
-1.243714
-1.201664
-2.513375
-1.798022
3.043130
2.450876
2.450965
-3.981236
0.268499
4.263175
1.019579
-0.985236
-0.679525
-5.983305
2.166067
-0.525896
1.067134
3.980167
-0.076905
-0.572011
3.416578
-2.356354
3.406776
0.353952
0.541187
-0.059033
-1.131958
0.267480
3.870744
3.713596
6.173910
-4.351529
-4.329160
4.791228
-1.197948
0.798730
2.319026
-6.314743
-1.462482
-1.889507
-2.226852
1.660390
0.714893
0.996262
-0.850193
4.219070
1.902084
-3.653399
0.975985
0.850993
0.237894
1.058320
5.028228
-4.507720
2.862509
-0.011891
-4.263902
0.619793
-1.086450
-3.011996
-2.184286
-4.717031
3.650595
2.834340
-3.573242
-1.927407
6.057618
-6.191965
2.756964
3.204951
5.805741
1.084785
-0.292231
-1.723197
1.347244
-2.697789
4.022027
0.956929
2.028179
-1.990928
0.358218
-2.197089
0.688372
2.748156
4.012026
2.984451
-1.419070
5.336413
4.882170
1.374394
0.118118
7.190807
0.940651
-1.138024
0.419519
0.941654
-1.510674
-6.299889
-2.324476
0.392923
-4.922579
-3.161867
5.151906
-0.006887
-3.057858
3.924284
-0.155254
2.170683
1.235068
-4.068014
2.852078
-1.584168
-1.068575
1.588797
-2.480694
0.495172
2.242761
2.182872
0.829595
1.506201
-4.467630
0.421427
-2.151124
-4.812130
-1.731072
4.583074
1.072052
1.701406
-2.292981
0.209497
-4.758534
-1.457511
4.290672
3.105653
-1.265350
-0.195551
1.589748
0.409544
1.166954
0.358357
3.374953
0.065637
-1.040965
-3.077576
3.271174
5.500255
-1.620800
-6.876042
-0.521500
2.257441
-4.799943
-0.927595
3.720976
-0.452135
3.277276
-1.358641
0.098977
-2.785508
2.037398
-4.371891
0.695988
1.115203
4.264521
1.470803
3.734520
3.442285
-2.698824
0.087680
6.559329
-1.355944
0.837507
-0.898137
-2.404198
-0.288224
-1.199287
0.074385
0.449564
1.925907
3.599785
2.328973
2.324301
6.080258
0.705127
0.132473
-1.514531
-2.906544
0.169082
-1.100710
-1.593077
0.882594
-1.384643
4.782756
-4.343720
-0.459631
6.038207
6.740271
1.529218
-4.466494
-1.357898
-0.417270
0.259484
-1.330452
-2.580063
4.192493
-4.625002
-1.302881
2.406703
0.779647
2.587152
3.049204
1.091702
1.690309
0.829561
-1.324849
-2.499309
2.150175
1.792582
1.153817
0.415234
-2.530358
0.634849
-2.394129
-3.546265
-3.528988
-0.038053
-2.394290
-0.922164
0.726122
-6.896139
2.240922
0.636150
-0.705088
5.744561
1.168117
5.296837
1.662307
6.046723
-0.851721
-1.097841
-0.870885
-1.947068
3.412016
-1.280538
0.356752
-0.472440
2.388400
0.469331
-3.821420
-3.955330
-2.106368
4.275089
-2.648611
7.064406
-4.033969
5.737642
-0.393045
-3.898994
-0.202107
2.310330
-0.725938
-2.813052
1.265527
4.353228
-1.377386
-3.801235
-1.075267
3.837515
0.782363
-1.259763
-3.998841
1.844309
3.360005
0.811179
-1.908308
6.461034
-3.758595
3.142031
1.151397
3.409164
3.633986
-2.853384
2.314987
-0.780613
-2.361275
-1.701436
6.068517
1.738578
-0.029563
3.645742
2.037103
1.573553
4.429108
1.203388
-0.558922
1.520395
2.220145
3.663361
-7.243377
-3.855662
-0.743894
3.688508
-6.276734
-2.459724
0.420040
1.882569
2.358824
-4.898675
-0.361192
1.054451
-0.757916
2.611682
-3.281929
0.361192
7.919532
-2.563759
-2.917556
0.047406
5.249416
0.539900
1.636793
-2.881509
-3.733190
-0.385531
-3.258467
-0.080818
3.593860
-1.553432
4.571797
0.682027
0.411491
-5.061733
3.689078
1.888836
-1.246103
-5.415846
-2.148074
1.763745
-0.282058
2.484698
0.300443
3.049214
4.678610
2.579561
2.870406
-1.064094
0.534324
-0.828114
1.251664
0.021240
-2.732060
-2.071703
-0.793709
3.933717
2.915318
-1.414869
0.863426
-0.533051
-0.772655
5.312600
-1.351884
0.599742
1.846762
-2.742354
3.469656
-4.152039
0.111055
-4.110895
1.995229
-2.406437
1.707583
0.174467
2.579851
1.157692
2.949077
2.221322
-7.939600
-3.029155
1.339754
1.041179
3.306635
4.982492
0.331334
0.942479
-2.766755
1.031010
3.162041
-0.636628
1.076152
-0.083837
-0.883964
-0.728899
4.463964
1.988498
6.468464
-0.956460
-0.208593
-4.067869
-2.881051
-2.091931
1.205432
1.166005
0.695468
-0.940321
2.006146
2.254815
3.312616
-0.108676
2.053585
-1.494485
-4.283886
0.317094
2.068678
-4.824205
6.095558
0.772287
4.172263
-0.578044
3.796758
-0.171045
3.356017
0.319810
0.515914
-1.294779
-4.686800
7.938619
-0.112417
2.270047
3.054381
-5.641807
-1.023516
-7.361729
6.079936
-3.271350
-0.037507
-2.884465
2.008807
-0.824019
4.845051
-0.061810
2.550712
2.206894
0.963033
-2.314657
1.131360
2.344322
0.228851
-2.357968
-2.447214
0.404775
0.264182
-0.672702
-9.247386
-1.089161
3.055515
1.004283
-2.015725
8.535873
3.747950
-0.943524
-4.978468
-5.816338
3.198901
-3.749766
2.995153
1.126575
6.812297
3.751041
-1.615341
4.411160
5.461644
0.659209
-1.663818
-1.540510
-1.949219
-2.144300
2.394994
0.890436
-0.166100
-3.062036
-2.461344
1.388784
-3.634010
1.519518
2.013573
1.602065
-2.507682
1.290040
-0.510448
-2.675382
2.772678
-0.112212
-1.609303
2.028454
-1.621994
-0.019412
-1.329438
-5.862690
-1.920019
-0.253867
0.558244
-2.976081
-2.664143
-0.818133
3.670337
-2.568222
0.171019
5.168908
-2.456090
5.359943
1.916166
1.245809
1.517733
-0.609178
-1.877117
-5.454981
2.289784
4.799673
-0.807284
-6.862662
-4.042062
-0.624274
-1.619728
-2.992633
0.195224
-2.491634
-5.636427
-2.464462
0.748237
-1.107345
1.559917
0.683158
-4.741041
-2.703275
4.488947
4.985840
1.486669
5.004098
3.313407
-3.453791
0.758057
-2.799581
0.449625
-0.220552
-0.008841
0.451982
-2.419051
-0.789678
-3.606219
-3.449995
2.871205
7.836752
1.697350
5.526702
0.759306
-0.292706
0.453506
8.140268
-0.981247
-1.044968
-0.693343
-0.905371
1.484089
4.244636
3.777496
0.803901
4.615114
5.262400
2.702480
3.944094
-2.028066
4.327203
1.264047
0.662040
-5.871420
-0.788958
0.041809
0.155288
3.632955
-2.206164
-11.579436
1.336662
-4.521393
0.045868
4.507840
1.619309
-3.589903
-3.779696
-0.484211
1.937511
3.106841
-0.070564
-0.168534
-1.076480
2.162546
1.435659
2.486596
-3.392318
0.217213
-3.318469
1.007471
-0.721272
-4.297224
-2.140224
1.880791
-0.783716
-1.242786
4.151416
0.932485
3.135473
5.059731
-1.379442
3.170137
-1.837198
3.186937
-4.509571
-3.208712
1.159902
0.342407
-3.444186
-3.136336
-1.213090
-5.147790
-1.209533
-1.314151
1.036954
-4.965740
-0.079583
0.392147
0.070948
2.758087
-2.261664
-0.096383
0.200878
1.229316
-3.869359
0.305812
4.726961
0.809364
-0.995376
4.210545
-3.191702
2.142169
1.264924
-3.265336
0.669710
0.715420
-2.008941
-2.490572
-2.551095
0.508940
3.121062
-4.602000
10.103554
8.970135
2.000879
-3.266180
2.421792
5.499093
4.015533
-3.295862
0.364641
3.840419
-6.595950
-1.454708
2.388138
-1.069587
6.218246
0.348108
4.330465
-4.302038
-7.039235
0.910039
-3.439453
6.410707
1.547389
0.723865
0.494607
2.826599
-0.845314
2.315635
-2.821041
3.105523
-3.272525
0.991396
-0.949246
2.365068
0.476392
1.632784
0.239439
-0.962938
-1.762873
-1.585676
-2.820343
2.400594
3.693689
2.646268
-2.553006
-0.305353
0.930755
1.884541
-1.222140
0.983179
1.289525
-0.471124
-1.172577
-2.570972
-6.294319
1.391194
1.257069
-1.169416
-0.857608
6.268530
2.029547
-3.699689
0.877948
2.441784
3.673920
3.767171
1.361536
-3.853565
-1.428816
6.325214
-5.870804
2.685534
-0.832764
-7.745129
-0.744613
-2.548609
-1.807404
2.324248
-0.227126
2.479649
-1.333999
-1.021967
-0.526948
0.922769
-3.113544
-2.163751
2.496199
1.086789
2.273774
0.188840
2.300335
-1.851987
3.200610
1.026274
0.278677
2.443083
-0.983748
-0.739196
-3.724979
-1.081832
1.030620
-0.824980
3.246655
-1.700241
-6.202322
2.083365
-1.820424
1.383994
2.155892
-0.081376
-1.257536
3.964444
-4.244198
-3.173587
-2.260823
-1.767583
1.438215
4.248239
-0.632148
1.692904
3.896474
-3.930054
-6.471187
-3.477224
-4.906207
-1.301079
6.682721
0.018316
1.192772
-0.053522
-1.454996
1.444983
5.236744
5.707314
0.515959
2.254981
0.233541
-0.523239
2.929891
3.339566
1.646446
-5.563618
-6.488816
0.955153
-2.210607
3.238190
-2.216753
-2.836786
-7.975016
-0.072129
2.530398
-2.664065
1.552491
4.026775
-2.702480
-0.589087
-1.665194
-4.876515
0.795695
1.587834
0.410404
-5.509863
0.219824
9.862512
-1.639652
-3.413715
-2.093493
1.716518
-0.857366
6.262434
1.007291
-0.451943
1.276222
4.383274
3.690791
-1.589538
-2.516058
4.463065
-2.664030
-1.528266
1.755330
8.855466
0.238274
-0.718779
-0.606993
-2.616100
4.312987
-1.989215
1.281712
-0.667751
-4.516716
3.110073
0.649803
0.320751
1.814845
3.606565
3.066695
-0.042129
-3.089809
1.123588
-1.769264
2.025683
-0.960584
-0.349571
2.695809
-2.164622
1.137222
-1.974828
-1.891123
-0.964553
2.758511
4.021344
1.125565
-1.286738
-1.272977
0.630165
-1.219310
2.457793
-2.611744
-2.834327
4.270539
4.105879
-4.129813
-3.130852
-1.420178
-3.947658
-0.241866
-0.500450
-0.577318
-2.350220
0.822152
-2.233725
-2.030617
-0.218487
-5.715570
0.233493
-1.705269
1.620910
0.075888
2.655549
-1.667721
-0.963925
0.784646
-4.422287
-2.525002
1.397074
-0.184588
0.617840
3.531104
1.999730
-2.415548
2.106814
1.581736
0.332564
-0.376189
2.002634
-1.073972
-2.710716
-0.641083
1.352775
-4.589057
0.091502
3.857396
1.078905
3.548208
-2.802608
-0.375561
-4.251511
0.049725
-2.502161
-2.337499
-2.598982
5.730959
-1.027132
3.134332
5.591122
-2.360663
-1.451491
5.488307
1.430510
-0.757375
-5.007728
2.512638
3.079029
-5.385956
-1.055831
-0.791613
4.874498
-3.573085
-4.499890
0.241925
0.649620
1.700507
-3.385806
-0.607562
-0.575976
-2.795420
-2.837324
-1.570742
-4.436749
-3.068698
0.977202
-0.631213
3.868746
1.137030
2.895462
0.932639
0.976427
3.545426
-0.485323
0.287267
2.939898
-2.293176
-0.441030
-3.918134
-2.847939
2.516235
0.707392
3.167122
3.317329
1.849698
-1.973144
3.303321
0.077149
-0.742467
3.144591
2.065612
4.396712
-1.819107
3.451298
0.740435
-1.595870
0.245338
0.637394
0.801736
0.723310
-1.903189
2.608036
-1.979090
3.333527
-1.488117
3.270723
1.168906
-3.518049
-0.739792
-3.718254
-2.209757
0.995157
-1.453797
-2.993254
0.799609
-1.215797
2.137611
4.333211
0.879562
-0.927655
-3.111877
-4.254920
6.109578
-1.943881
-6.238282
-0.453115
5.190514
5.275818
-1.844046
-2.018248
-0.639374
-1.430848
2.871420
0.315390
1.729587
-6.467442
0.127649
-0.278718
1.317528
1.209905
0.855710
0.599717
-2.852709
-3.838343
-4.767988
-0.452654
2.099972
-2.749014
2.233778
0.104122
0.801951
-4.545520
0.332052
-2.653737
-1.909695
-0.788880
2.977148
1.864079
-4.333268
0.074334
1.220208
1.998325
-4.990121
-0.539869
1.032884
-7.185246
4.780829
1.971125
-1.057350
-1.566435
0.499061
-3.533178
-1.545498
-2.268094
-2.022031
1.691908
0.953428
-0.185038
-1.814087
-1.733864
1.992965
6.340330
4.741375
-6.560349
3.299988
-4.371645
-6.833942
-0.016146
0.839785
-1.963537
0.269025
-4.071537
3.449444
0.629774
1.599394
4.672706
3.839552
0.850530
-0.465788
0.725931
1.512030
-0.296986
-1.432032
-3.615869
2.557314
-6.466508
-3.282013
0.514176
1.516078
-1.085440
-0.033536
-3.357576
-0.436327
0.796125
-4.259919
-2.289369
-6.566107
5.442135
7.557144
-4.709799
0.548603
2.261404
0.590007
-0.064351
0.553790
-2.722900
-3.720472
5.602657
-1.210566
-4.612091
-7.342912
-1.988568
-1.175726
4.102304
1.361871
5.192829
-0.436337
0.475129
-2.864698
-2.303889
-5.313803
-3.602851
2.851873
-3.646173
6.607099
6.816489
2.501449
-2.214381
1.952937
0.397668
0.724730
-1.219833
0.603832
-3.392574
-1.089228
2.757888
5.972270
-0.135327
-3.438428
-2.284668
0.665105
-6.075826
-3.738140
0.063150
11.876990
-4.232764
5.186406
1.655482
-1.587110
-2.261976
2.266239
-0.854104
-7.116083
3.428879
-2.218549
1.930213
-1.226601
-0.863099
3.207903
1.296131
-1.004551
-3.604125
0.220626
-0.478869
-4.026471
0.909246
0.328074
-0.441331
1.219703
-1.644286
6.621714
2.133023
1.465583
-0.804958
-2.415686
-0.060147
5.736458
3.526728
-1.539413
1.697462
3.829770
3.330301
3.400572
0.410799
1.662335
1.095310
3.585935
-0.299593
2.778662
-0.070974
-1.612094
0.917620
-4.163190
-5.560108
0.068938
-0.409542
-0.190597
1.773940
-1.755223
-2.547603
-0.889437
3.814460
-2.900008
3.051627
7.584414
1.167829
-8.176948
2.854036
-2.356803
3.695038
3.222853
0.595323
-1.875844
3.522617
0.886667
2.087667
1.920094
1.843932
1.549564
-2.615796
-6.355289
0.411750
-5.434027
7.369332
5.834262
4.114732
0.939072
2.343332
-0.007927
9.878870
0.138418
-2.520670
2.200086
5.438123
-1.578757
-2.651674
1.292935
-1.643077
-3.161918
-0.966139
-1.131542
0.693959
-1.689798
-1.663632
-4.650169
5.803491
0.269629
-1.916762
1.653047
4.862692
2.850880
1.159383
15.511887
-0.099991
-8.690211
0.488013
-2.339262
1.979862
-2.028171
-1.899254
3.356827
-0.436252
-1.481832
-4.476511
2.941455
-1.708272
1.597416
1.255205
-5.352816
4.056348
-0.283649
3.471359
-1.425767
4.241319
-3.072617
4.239702
2.376531
0.649383
1.196612
3.052195
-1.230017
0.218913
-2.752359
-3.717570
-2.002419
-4.293939
-5.874785
3.083609
3.135011
-0.025762
2.486075
-1.628716
-2.453119
4.612211
-1.254921
-0.084482
-2.155682
5.799077
5.019247
-0.969481
-5.057603
-4.767467
0.891412
-3.173235
-0.936144
-4.164574
0.674027
10.037857
-8.966295
-3.615681
-4.484065
-0.972442
3.191635
4.921397
-4.155278
2.533594
2.410451
0.082346
5.150256
1.956751
-1.048015
-1.065809
-2.197508
-1.323906
-7.882984
3.755130
2.679462
-1.315204
-4.123120
-1.634979
4.997923
0.693110
0.965052
0.965350
-2.565734
-0.330108
-4.527835
2.705192
-2.303246
-2.035191
-1.742537
8.669351
-3.472474
0.952407
-2.454550
2.571528
-8.144859
-2.220011
1.809193
5.592674
3.721615
-4.938523
6.053461
-4.383569
-4.488589
0.916833
-3.801964
0.068057
-5.211441
-4.471967
3.755066
2.088319
2.705752
-1.650914
3.886274
-3.226823
-0.279992
-4.086289
0.457835
1.839268
0.065878
-0.205500
7.623139
-0.644534
0.032801
1.104060
1.304675
-0.822115
-0.422755
1.690504
-1.842248
-3.120456
-2.953334
1.098940
-1.621489
-2.592519
-5.826237
0.736525
-4.296247
-3.814981
2.536551
-0.685380
1.406667
7.701500
4.075472
-3.425546
-2.715060
3.403454
0.504055
4.888594
0.950016
-10.086170
4.732086
-3.457067
-1.634806
0.758773
3.639409
5.997643
0.730195
3.439652
-5.610314
3.096943
2.433375
2.381078
-3.671010
-1.421855
5.112766
-0.536435
0.341288
-0.256779
-2.639321
1.545076
-1.998170
-2.040981
-0.864847
0.329656
0.876710
-7.141788
-0.507439
-1.293091
-0.130819
1.123053
4.146901
2.885110
-2.456355
-1.630084
-0.235083
-1.550983
5.598383
2.776319
5.618846
-0.293382
-1.564028
4.135818
0.781373
5.659820
-1.189591
0.605288
2.953780
0.827899
-3.278684
1.254359
1.272891
3.469685
-1.677436
0.338441
3.959017
-1.985998
0.740939
-0.537197
-0.367220
0.534712
-1.987269
-2.783066
-2.486567
2.213267
1.572486
4.281513
-0.913176
-1.453910
-6.499755
1.396332
2.294215
-9.914828
1.796931
2.371995
-2.279680
0.040146
0.591352
-0.899198
-4.302314
-1.764540
-0.355390
-6.771862
-1.672826
2.369322
0.064788
-2.309090
-0.795463
-0.626456
0.258918
4.369679
-5.948627
-2.342088
2.869795
2.918608
-3.013733
-0.086678
-0.272238
-0.849189
-2.025788
1.729683
-3.876962
3.205444
2.876340
0.329165
-1.622269
5.317701
2.672133
-1.959885
5.320496
0.386368
-1.305732
0.005090
-1.446805
2.760410
-0.395262
-0.587756
0.756973
-2.070595
-0.939281
0.844541
-1.803736
4.055839
-1.777248
-0.236742
0.501404
5.356394
-2.001136
5.795469
-1.161657
0.456578
-0.577964
-1.748156
-0.968791
0.385431
-0.168181
-7.008244
3.720355
6.906556
-0.972286
1.303384
1.688044
-2.428348
0.001926
-3.884535
1.144171
-2.749909
-0.310552
-2.548609
-2.821579
2.251395
6.111605
0.848366
-6.129063
-3.944566
0.181188
-5.771440
0.271379
5.266481
-1.377601
-5.468825
3.159647
-1.765048
4.498402
-0.576930
-0.694786
-1.871038
-7.404405
-1.742987
-2.538089
0.266648
-1.165979
0.113120
3.615591
-3.215372
-1.198161
2.466618
0.939241
2.443172
0.205193
-0.495789
-6.399993
-2.503213
-3.600080
-3.056285
-6.095395
0.345668
-0.909159
3.113216
-1.943258
-2.971950
5.540531
0.792399
-0.252655
0.007702
2.413630
3.328310
-1.234672
1.855676
-5.293116
2.168280
-5.360341
-3.993292
6.459282
4.750955
-0.680759
-5.060771
-5.312691
-3.347923
-4.324021
0.311375
-1.575855
-2.499777
4.332853
4.108044
0.274796
5.507187
2.799137
-0.019565
13.610037
2.618546
-6.310055
2.763602
-2.164083
-2.484614
0.478984
-1.175395
0.132199
0.824495
-2.674099
-3.986922
-0.918377
1.574923
3.893002
-2.047384
1.345918
1.080620
-0.276809
-2.391901
-0.755670
3.408561
0.039430
-4.139270
-2.926186
4.573162
-0.315834
0.080370
5.045001
4.331019
0.701612
-6.437510
0.925862
-0.186990
-1.127526
-1.098928
0.177371
3.607800
5.116946
-3.884269
2.317375
-2.472452
-0.832733
0.459395
-0.961669
-0.793183
-1.874472
3.239618
0.761551
3.388282
-5.158896
1.903040
1.492577
0.816749
-5.306672
2.590187
-1.397127
-1.650569
-0.339366
0.132874
-1.408369
2.094370
-0.873832
-2.623916
-0.852244
-4.480373
-1.578386
0.281859
1.719459
-0.385171
3.455081
1.808695
-5.399005
2.148413
0.074105
1.761329
-2.544579
-1.536201
6.002518
-2.818472
4.700272
0.320562
0.289952
-1.061153
2.290549
-4.839908
-2.097627
1.322795
-0.652457
-0.093236
-4.491104
-6.212755
1.880118
0.595437
-5.857863
2.866093
-0.426677
-4.109044
3.883676
4.151640
-2.559249
1.628010
2.169621
-2.172739
-0.421732
2.545884
3.685243
-1.090660
-0.561640
-1.722832
-0.110904
1.177139
0.296498
3.216388
-0.417305
3.891864
-1.062789
1.950224
-2.680851
-2.133506
-1.104434
1.324863
-1.836068
-1.898369
-1.966706
3.778084
3.716921
-1.121363
2.615319
2.716404
3.045126
-3.136266
0.757691
3.463339
-3.661190
-5.911655
6.071803
4.409686
-3.515363
8.479446
-0.421598
-6.272915
-1.660054
-0.172988
-6.791997
-0.972894
-0.127795
5.196436
0.103087
-0.309795
-0.909391
1.161753
-0.886890
7.399190
-0.723008
-4.188676
-6.540440
-2.080366
1.545764
-0.999764
-1.325954
-2.034349
-1.712629
-7.117032
-3.263513
0.638764
-0.720949
3.855196
4.002476
-1.187613
3.639108
-2.665137
1.138921
1.571758
0.946408
5.713757
1.218217
-2.498317
-1.994443
-1.198317
4.509981
5.286476
-0.395466
1.160561
6.004032
6.978998
-6.758723
-7.470518
0.451165
-1.221285
1.811407
0.592365
0.630005
-3.101635
1.852917
0.236962
-11.240588
-2.719847
1.376720
2.187497
0.550484
2.871464
0.967374
3.294914
1.371909
-6.341966
2.465247
-2.736441
0.948724
-1.479911
-2.869957
1.038599
-2.485576
1.635023
-2.845496
-1.434070
-3.665584
5.395536
-0.491403
0.587222
0.827089
6.165333
1.129410
0.385200
-6.954240
4.531972
-2.556279
-0.803696
1.791933
4.821375
-6.122674
-2.716184
-0.052740
-3.473485
-0.812460
-1.058523
1.380674
-0.669799
4.140127
-2.941466
-1.612417
3.548228
-0.343076
-1.797217
0.058081
-2.946317
-5.286395
6.081170
-1.231719
-2.171720
-8.540787
-5.878195
-0.156528
-5.282123
-5.102813
2.534051
0.519795
-1.828078
-0.607542
-3.862457
-3.154174
-0.214448
3.325755
-7.938748
2.735329
-8.175944
-4.208257
-8.153409
3.394315
3.388047
6.984336
0.241427
-2.321613
3.215219
3.672950
-0.281438
-1.146377
-3.666068
-1.653593
-1.770684
5.738837
3.059213
0.583792
-0.173187
3.541528
-2.286651
0.298945
0.704532
1.147764
-7.553456
1.487426
-2.550422
-0.221313
6.549074
-0.593924
9.035836
-8.569487
-1.392782
0.177247
-5.731651
8.027045
-0.743342
7.118600
-5.965837
9.255036
-1.587713
1.178074
0.102856
0.377105
-3.235829
-2.877679
3.560767
-2.370109
-2.314172
-0.262926
0.413983
-6.364986
-2.321380
-1.836749
3.083102
0.613807
-1.580520
0.884607
-2.561304
0.663543
-1.894582
-0.148970
5.373979
-0.757334
2.030644
3.428111
0.085028
1.934219
-2.673026
-1.502870
-4.752081
-0.616225
-3.417433
-1.928790
1.486467
3.420193
-0.941361
1.358054
-1.585078
0.022263
0.592230
2.167590
0.707448
1.733349
-1.844738
-0.293150
3.426603
-0.510931
3.796541
2.456922
-2.462116
-1.493554
3.726978
2.409214
2.603267
3.655815
3.486881
-1.975512
0.788490
-0.875089
1.902301
3.978577
2.848873
-2.416880
-0.859865
-1.100181
-0.844309
4.444783
-1.864380
0.562086
2.625193
0.367307
1.362761
-3.687155
-0.318019
-1.116916
0.093399
2.988707
1.868980
2.067942
3.734025
-1.211283
-6.694083
2.402384
3.641122
0.203323
3.683726
-2.631346
-2.084954
3.431032
-0.382235
-4.438274
1.515435
-3.997082
-0.523794
1.840980
1.450195
-2.246037
1.408509
-2.837091
-1.165980
-2.329895
-4.839806
1.259449
-2.387545
0.351688
-1.809202
-0.134734
1.076301
2.997333
-0.439754
4.436678
-2.127978
-2.213648
-0.421316
-0.104792
-4.275283
-3.172994
-4.708849
-6.815683
-5.487656
3.525545
4.490386
3.137328
3.696860
-0.348771
-5.194597
-5.198025
-2.845189
2.937368
2.703525
-5.799787
-1.384092
1.935798
-3.703366
-0.945072
8.200378
6.136119
-2.937200
-1.603716
2.127312
-2.274611
5.693959
1.986069
4.883444
1.011552
-7.854726
-2.895606
0.801305
-1.335863
6.713991
3.531883
1.350178
-1.058119
3.202683
3.122334
-1.081123
-4.472532
1.993661
-2.503380
-6.413627
2.088397
-4.893473
1.017841
-2.073581
0.981600
-0.462598
-5.413748
-3.116709
2.858940
-1.908869
-2.058954
4.599746
-0.904301
0.674740
6.779856
-0.239590
0.226232
-2.844273
-1.340323
-7.503479
-1.819442
3.433081
-1.615452
-3.913716
-7.137894
-7.757928
-2.655945
7.142994
3.114557
-0.569381
1.635541
-1.624501
0.733111
-1.116491
-3.265882
2.808907
6.479760
-7.553158
6.749578
1.533380
5.652837
-3.858443
0.481052
0.052338
3.262307
-3.167414
0.122368
-1.108134
-2.108736
2.254862
4.310748
1.195982
-3.597596
5.824078
-1.512027
-5.569557
-9.418947
-5.215989
-3.111969
-8.418879
8.170241
3.746894
-0.506770
1.601525
5.122458
-1.703403
-2.607711
-2.285183
-6.224357
-1.954383
0.594023
-1.533487
-3.921345
1.047532
-6.334485
5.621630
10.397149
-6.465161
4.161316
2.526997
-3.049592
-2.013691
2.353247
-3.288232
1.549875
-1.429442
-0.365906
0.016610
1.587531
0.349837
4.987068
0.511187
5.924209
4.486280
1.293103
-7.382612
-4.128397
0.013278
0.192045
-3.040139
-1.051037
-0.856030
-3.439899
-4.942841
-5.268788
1.234255
-0.848457
-5.953101
0.319049
0.620967
-2.737538
2.656903
-7.519526
2.141881
1.110513
3.883250
2.555151
0.238804
1.493325
-1.550928
-2.907781
-0.446494
0.833450
-2.265776
-2.112193
1.387083
-1.995337
8.643418
5.287367
3.855380
1.089663
1.904955
-7.778808
-1.216989
-5.646017
6.967530
-2.750501
1.420838
8.528937
3.893492
1.488718
-0.899315
1.931745
3.220007
0.618382
-2.085920
3.049424
-5.888815
-4.694833
-4.713794
-3.197114
-1.779733
2.969885
-5.034013
1.968423
5.220330
0.617607
3.707424
-2.947236
1.748331
-3.309781
-3.507109
-0.414346
-0.336260
-2.612633
0.749745
2.919558
-6.141070
3.012049
-4.604849
2.920930
-1.871908
-0.342715
-5.721973
0.922278
2.243563
-0.221416
-0.720542
1.009345
-4.628018
2.952327
0.061381
1.371013
-0.750526
-4.153900
0.525900
2.745664
-2.604151
-2.028031
-1.119339
-0.439246
-0.874376
1.460845
3.543053
-1.423668
0.524336
1.915494
0.488340
1.569055
-3.724193
1.744315
2.672688
0.079117
0.766777
0.493907
0.133055
-0.775421
2.569733
3.242679
1.705155
-0.351750
-3.739859
3.184682
0.016750
-0.503081
-2.601243
2.313934
-1.792239
-0.947455
-2.337843
4.378913
1.459618
-0.680830
0.279616
2.368129
3.440801
0.485257
-6.375498
-1.437115
5.432046
-1.662962
-1.758421
-2.962676
0.981771
3.980546
0.787597
-1.050840
-0.089302
-1.614090
-4.317932
-1.405500
0.015873
5.201414
-2.632082
-0.141958
-0.184428
1.143815
3.204377
3.970579
-3.216882
7.477255
0.645208
2.768968
0.925916
-4.329935
-2.737484
4.791830
-0.678393
-5.760208
1.911130
4.285155
-0.450456
5.352975
2.727936
-1.720377
-0.613972
8.367034
5.922965
-0.912290
4.140580
-2.586663
5.012089
1.588796
-1.915656
2.379612
5.815967
5.405501
2.200025
0.593966
-7.568428
1.877363
2.370571
-1.999039
5.155408
0.451277
-1.841736
-1.247118
-1.232191
3.982232
4.486194
2.347836
3.116458
-3.232081
1.812336
-1.409874
1.192200
0.387560
0.626682
-0.509264
-2.204269
-3.082429
6.778475
-1.622892
1.079084
2.140173
0.423378
-6.565235
-1.553517
-1.445441
1.545497
3.365438
3.715853
1.487361
1.958129
2.945879
-4.712680
-1.990457
-5.094097
-5.113199
1.358259
-0.903088
2.458251
-2.192408
-4.509941
-5.813091
-2.428247
0.190987
2.864366
-0.491941
-2.005623
3.764312
-2.751105
6.633475
1.421764
-1.375980
3.655683
-2.867599
0.592558
-7.682532
1.974048
2.076157
-2.440168
-0.678564
7.409599
2.400274
7.555380
-5.804501
4.593706
-3.434841
-1.033446
2.390997
0.898191
-1.314634
0.863408
-2.532709
-2.326429
3.134356
0.503901
0.175935
2.408083
4.384768
-1.367355
1.439961
1.275001
3.973619
2.552795
3.440405
3.568220
3.567609
1.097110
1.506046
1.821011
5.710017
3.540905
-2.906672
-5.282388
-0.428716
0.248524
0.406620
0.986355
-2.033694
2.232914
-0.676638
-0.433935
-1.587734
-0.517101
-1.708470
0.959608
-0.627943
0.224232
-1.951089
-1.450430
0.006178
-0.355057
4.927916
1.341234
1.441326
-4.538486
0.947788
-0.441690
0.083173
-0.789100
4.090989
-1.685722
1.774637
-1.534392
0.604154
0.350835
-3.672476
3.273168
1.924725
-4.208357
0.458095
1.801366
-0.461110
3.402312
-1.932595
1.535044
-0.959786
-4.301416
-0.305535
-2.733572
-1.430928
0.845483
1.242980
-6.779969
1.249020
-0.787427
-5.433598
-1.712639
0.441529
-2.417003
2.418373
2.928449
-2.069556
1.376968
1.597919
5.189204
-2.897893
-2.283824
-1.044846
-0.875585
-4.145534
-2.734380
3.436087
5.111472
-2.992586
3.506164
2.124123
7.465968
2.269416
-1.900755
-3.337570
5.511697
-1.062366
-3.818214
-6.010155
-4.879944
-3.102773
-0.143313
-0.091262
1.132621
-0.674371
-2.656293
-2.122278
0.161664
-2.020467
-0.936129
-4.362439
-2.389063
-0.514468
2.825811
0.157377
6.191001
-1.188775
-4.511444
-2.844944
4.367238
2.977424
2.846538
0.849568
0.433585
0.349768
-1.720776
3.690765
4.842485
-3.864437
5.477332
0.692079
-3.750356
-4.242063
-1.459370
0.353821
3.705691
-1.174584
-2.323397
-0.104951
-0.521740
0.568635
1.272942
-3.560032
-0.966405
-2.908931
-0.923673
-1.551755
0.042363
1.184454
0.994964
-4.352697
4.147649
1.106955
1.108993
-0.397603
-3.908088
0.739475
-0.891177
2.550726
1.486725
2.155231
0.279095
-1.699343
-3.446446
-0.762152
-0.303098
-1.629278
0.081301
3.329629
-4.112970
4.747534
-1.928082
-3.192075
0.020644
-2.903950
5.986174
-0.263057
-0.819143
-1.165420
-1.033287
-5.394728
0.902293
2.428778
2.892871
-1.772911
1.409007
0.086112
-0.139985
0.405292
-4.408118
-1.899817
3.292989
2.244321
-0.100907
-2.462517
-5.606979
-1.301487
3.933050
3.436605
-2.228459
0.282853
-0.259980
-0.722831
0.558677
3.268974
1.338638
-5.676840
-4.266624
-0.301280
-1.103277
1.177052
3.299704
-0.601393
3.633990
4.723569
-2.264254
3.938658
-2.254001
4.870491
3.877915
-1.865761
-7.612534
3.750195
4.596343
1.769796
0.466278
-0.456082
-2.096951
-0.231253
-4.739055
-2.283560
0.194665
2.449076
-2.214748
-2.381255
-0.402547
-2.314720
9.199157
0.911065
0.538516
-0.431536
-5.786865
0.838443
-0.223017
-1.095042
-2.064654
-1.106375
-3.254653
-5.265276
-3.423241
4.956941
-0.836856
0.453969
3.509392
3.182055
-2.128917
3.592447
1.130327
2.449792
-5.085904
3.279696
4.596839
-3.844712
-2.207807
0.503774
-6.019246
-0.443766
0.259488
-3.726061
-6.880483
1.524300
0.043318
-5.161914
-0.414745
3.087370
1.620553
5.070372
2.655158
-0.948662
-4.059786
1.790711
-3.594830
2.721411
-4.282938
3.134353
1.594273
-2.996891
2.453146
-1.923757
5.973908
0.680818
2.703067
-3.175391
2.992362
-3.492584
5.900122
-1.137426
-1.543534
-0.915196
-0.091806
-6.331485
-1.931715
1.208316
1.539642
-0.155709
2.143425
2.311079
0.965932
-4.650228
-0.258827
-1.941069
-0.455922
-1.899460
-1.205709
-0.663859
-2.968961
-3.702017
5.133619
3.325878
-0.921855
0.687364
1.947134
-3.399621
-1.631079
3.999251
-2.035462
-1.710925
-1.224685
-1.604254
-3.399468
2.710892
0.122963
-0.860196
2.335348
0.616839
2.217760
3.752799
-4.274517
1.375010
-0.921329
1.222385
-2.030593
-1.566477
-5.160927
1.973312
-2.119797
2.062134
-0.624955
-4.361183
-0.255577
5.651033
-1.158371
0.733016
-2.375851
-4.415083
2.922797
3.778709
1.206027
2.638235
-2.686818
-1.261749
-2.053948
0.449728
0.882933
0.701475
2.146380
2.342846
-0.102297
-1.006825
8.611001
1.627504
2.959959
0.052149
1.410412
-3.831492
-1.185053
-2.004685
2.817816
2.316179
-1.622293
4.492444
0.063333
1.217896
-4.043548
-2.404614
-0.726414
1.190364
-0.073199
3.519840
-2.262834
-1.693505
-4.144329
0.001966
8.331872
4.579425
-3.534390
-2.378297
-2.128584
-1.817135
-1.974854
7.427601
-1.806083
6.080621
-3.095015
-3.747503
-0.760210
2.244187
-0.903818
-6.564785
0.065270
0.282307
-2.867897
1.779259
-0.823819
1.937658
1.050802
-2.681877
-3.590301
-6.304939
-1.128733
-2.694212
1.342743
-1.938336
-3.431199
-0.187953
-5.442740
2.506811
4.572398
0.970875
1.134098
-7.033862
-3.803579
0.318792
2.061880
-0.378791
-2.389625
1.099913
1.476434
1.576963
2.911965
0.759546
1.814477
-3.687349
1.049897
3.010624
0.898111
-0.171615
-3.856821
7.862941
-3.682136
-6.501539
4.768869
1.894454
-2.367560
0.698271
0.674846
-1.659238
-0.202935
0.937935
0.314240
2.211767
2.640044
-3.026535
-1.192193
1.772509
4.368220
1.188589
-2.264973
-2.269782
-3.509047
-10.138615
-2.630429
-3.680415
0.684971
0.000005
5.185756
0.974995
-2.072913
-3.117501
1.237644
4.027744
4.385500
-5.435857
4.509983
5.521739
-4.025603
-0.708809
-0.556992
-1.525504
2.667994
2.451309
-3.402931
5.078325
-0.527493
-2.127845
-1.654388
-4.418784
-4.512792
0.609383
-2.555146
-5.004902
6.091975
1.172654
-0.438044
1.834656
7.706871
-0.627537
5.312255
5.646417
3.127093
-4.044228
0.921479
-1.506099
6.799479
4.910883
-3.566015
2.269453
1.053299
0.190015
5.388992
-0.847218
-1.190133
2.429475
4.150605
0.497388
6.640193
-2.005121
2.199571
-1.882482
2.968726
-1.604537
2.647141
-2.465047
0.979026
1.672042
-2.215701
-2.300610
3.082926
1.930491
-3.762731
-0.434514
-3.199698
-3.731253
2.721672
0.410348
0.556795
3.577633
2.613739
-10.044732
0.952853
1.646851
-4.781483
4.215158
-1.539517
0.676480
-0.358943
5.792652
1.411662
4.738993
-3.735299
-2.842074
-7.687210
6.264875
6.204786
-1.737130
-2.209600
-1.379570
-2.657114
2.406643
4.458665
0.165650
0.267287
2.127302
-4.335347
2.693614
-1.008211
1.379999
4.907024
1.633932
-2.442060
-7.031395
3.394234
3.285326
-2.519082
3.584175
-0.919559
4.105972
-0.037320
0.166786
4.875986
-0.291176
-2.921556
-3.083889
2.432172
1.033699
3.471666
-4.660548
-0.749703
-3.077106
0.774084
-5.253321
3.965345
-4.685732
-3.653727
-4.058382
3.317447
9.436980
-0.513345
0.524982
-0.397925
-4.958813
-6.291621
1.435557
-3.030651
-10.448191
-0.627875
-2.646446
-4.504745
-9.173117
2.075916
-1.082573
8.639273
-5.749627
-2.043869
3.151980
-1.659690
-1.189101
6.268860
2.271703
8.008385
0.530306
-8.911405
-6.350755
-0.548484
1.641571
-3.181818
-1.406440
-2.597052
0.545675
1.004147
-3.597237
6.082710
-2.335178
0.336068
6.793658
2.635328
5.148261
-5.281119
5.615596
6.561780
-0.105114
-0.042943
2.021713
-4.752108
-2.720860
0.033561
-2.204405
-2.490743
0.180328
-3.109028
1.057483
0.719853
3.432642
-2.416608
3.104998
7.314824
2.465257
2.756811
2.412838
1.974814
-1.800729
-0.645053
-1.689606
-2.524298
0.667172
0.430206
-1.677682
-5.879455
2.534587
4.581747
-1.244921
-0.942120
2.655721
-2.744492
-3.275821
-5.547792
-1.668213
-3.549052
3.129747
2.751996
6.190161
-1.419433
1.645783
1.012879
4.294248
1.538549
0.061450
0.366140
-2.268166
3.092622
8.020269
0.202370
2.740043
-2.236859
-6.355074
-1.191226
-8.098940
1.658973
-3.731769
-2.599756
2.496407
-2.522811
2.071656
-4.995510
3.858760
0.138498
-2.928940
-6.646033
-8.057744
4.587480
0.676155
1.548031
-1.822769
-3.039550
-2.286125
-5.757042
0.683942
3.774665
-2.560558
-0.390471
-7.044472
-2.026464
2.874863
2.777593
-0.494783
-1.308338
-2.771715
6.815735
6.087550
4.137136
0.816040
-3.055443
-5.762002
-3.653926
0.844041
3.285726
-3.103099
0.195238
-0.612014
-2.482446
-0.202548
0.792870
1.288241
-1.538440
1.528907
-1.078084
-4.878592
-1.348351
3.083367
1.454077
4.950666
-1.279100
0.647469
3.714708
-0.084688
-4.298522
3.179946
-1.630684
-0.297703
-2.909885
-2.339687
2.878568
-2.143847
6.012072
3.589241
0.745915
5.819937
-0.393110
-0.459525
-2.114979
6.267983
8.256693
-0.718715
5.181531
-1.647347
-4.568857
-0.010664
-7.475578
1.136951
-0.670458
2.002855
1.958832
0.275323
4.591919
-5.110603
2.435450
-0.775650
-4.009147
-1.696365
0.385477
1.964263
0.278886
0.365445
0.573201
-2.243894
0.797738
3.991897
-1.005563
-1.740352
0.172953
1.932912
1.410178
-3.097066
3.169392
4.576534
-2.153968
-0.055737
-2.577296
-1.737224
4.694698
1.285928
5.435275
-3.101178
-6.063656
0.864162
-0.894874
1.814473
2.980989
1.634867
-1.284463
-0.480897
-1.725183
2.811193
3.833693
-0.307153
-0.546952
2.627759
3.149010
3.532439
0.800558
2.506977
2.257323
-1.371096
-2.990264
-1.229164
-3.518713
1.939424
1.245087
-3.759931
1.283663
-1.309883
3.196179
0.660591
-2.971078
-0.948845
-0.746989
1.651286
2.636820
3.961347
-1.223062
-2.615790
0.547404
0.071174
-0.720978
3.316065
3.247368
4.086373
-0.276953
-0.496288
1.446223
-2.134027
-2.377760
1.425119
0.583143
1.570520
3.768557
-5.222427
-2.059676
-0.310418
1.015811
1.712293
3.333531
-2.202015
-0.243237
-4.235631
-2.631229
-0.391053
2.551085
1.969319
2.783440
0.477262
-0.995983
-1.598478
-4.147067
-1.183903
-3.792992
4.276839
3.883671
-4.792524
2.630368
-0.210494
-4.838361
-4.238235
-0.857291
0.408578
0.381863
1.620419
-3.131059
4.525434
-6.918376
4.976388
0.927397
2.217758
-3.616132
-5.732753
-5.560260
3.589608
4.906656
1.262422
-7.576674
3.657234
-3.366234
5.378039
-2.557822
0.303085
-0.077678
2.733923
-4.280926
4.324123
-0.043579
-2.294663
3.321078
-1.082246
-2.598460
-1.756203
-0.131159
1.390402
2.738863
-7.194039
4.214838
-2.430623
-3.347216
2.559326
1.946836
-3.483307
1.424980
-3.472559
-6.015615
2.014677
-0.255461
-0.694191
0.004896
-1.174589
4.143601
5.322218
-1.500625
-3.034502
-0.925144
2.370146
-4.392485
-4.912397
-2.068424
0.922883
8.506958
-2.400808
-2.829781
-5.959765
-2.835574
3.808712
-4.286154
0.000628
2.889700
5.977055
-1.304601
-1.030006
-0.399177
-4.074613
-0.735021
0.480720
-2.452126
5.239060
1.092221
4.869912
-0.042195
6.587201
-1.033844
0.691921
-2.006862
2.787928
-0.232540
1.906587
0.833877
-0.586509
0.314861
1.116403
2.057244
1.315424
-7.923519
1.798412
4.144866
0.220504
4.330782
1.910256
0.298958
-4.416948
2.952304
6.169419
5.053435
-0.673033
2.542256
-2.616748
1.349996
-2.255160
-5.502481
-0.881725
-1.055701
-4.684543
-3.104880
-0.937196
-1.244096
-1.924114
0.514529
1.278846
1.066992
1.894156
2.808363
1.027704
2.074431
-2.924336
-0.573025
-5.678752
-2.251347
3.176199
3.561062
-4.037537
-2.928709
3.618011
0.018513
5.303312
-3.879183
-1.045349
3.142244
0.884027
-5.310700
3.076844
3.598445
2.504882
-2.125680
-3.556055
0.912094
-0.331138
0.727392
7.060422
0.681882
-0.218825
-4.896747
-4.105554
-0.490446
-1.555387
0.311681
-4.118540
1.402583
1.216846
6.100406
-3.362900
-0.583593
7.563980
-0.551697
0.039367
2.231872
0.648009
-1.580694
0.787046
1.724034
5.425064
-0.342693
-0.811056
-0.067835
-1.324326
4.323056
-2.618892
-0.665041
-2.185058
-0.361900
-1.626574
1.096591
4.583876
0.012472
-0.682782
2.746602
3.046482
-1.171363
-1.778309
1.590106
-4.202227
1.646107
-1.550670
3.540586
1.599624
2.456399
8.633963
-1.401109
2.380647
-1.793437
-2.763585
-1.599525
-2.634927
-1.051201
7.979244
2.916734
-0.233947
0.715429
1.267290
0.509042
3.708716
3.686755
6.020497
-4.237868
-1.061509
1.884665
-0.074777
-2.142327
-7.791269
-3.772496
-5.782433
-2.936287
4.349292
0.771411
4.670506
0.990644
5.676312
-0.495041
-1.269835
2.436068
-1.063613
1.013849
2.851971
4.440745
4.512570
-0.281335
1.995564
-0.544196
-2.530818
7.646147
2.067580
0.638728
3.631194
-1.790488
-0.196573
1.741251
-2.667459
-0.366532
-3.448973
2.713721
3.356026
2.015229
-1.631953
-0.235965
-2.097556
0.130140
3.642009
3.674929
-3.268031
-3.907630
-1.930418
-0.752189
-1.984910
3.779132
-4.204072
-0.937531
-0.386397
-1.339801
-4.229839
4.727361
5.538396
-4.710847
-2.069417
-2.101674
-1.056460
0.431193
1.389876
8.337543
0.997637
-0.864762
-2.723776
-1.630579
1.667053
1.264123
-1.907011
1.138442
-1.531077
-2.486158
-0.139388
1.184013
4.858961
1.355788
-3.836261
-0.352019
-3.418491
-1.109709
-2.833733
-4.355934
0.624858
-0.435074
-3.244269
2.626345
3.266206
-0.021976
-4.098435
-4.665614
-0.279068
-6.543161
0.599212
-0.774737
-4.576745
-1.721603
-3.400502
-2.599351
4.318535
3.453299
-3.935471
-1.571414
-5.177006
2.087811
3.752963
-2.767020
-1.372660
3.221930
-0.702675
4.607000
1.595313
-5.624208
-1.796427
3.911728
-0.281019
3.928028
1.511395
0.259469
5.577309
-3.981370
1.063289
-1.461352
-3.543547
2.740829
4.083808
0.401329
0.630678
1.411016
-5.582892
-1.172984
6.211440
-1.617135
4.125113
-3.732291
-4.240431
2.741244
4.884797
4.146262
0.915468
-2.246185
2.263691
2.257870
1.557652
-6.276700
-0.087452
2.678926
2.451448
5.022064
-1.423370
3.104183
4.350678
-1.435193
-7.812002
3.366871
2.003119
-0.368233
-2.321373
3.761575
-2.374990
3.522981
7.283975
2.041928
0.361769
-6.344165
4.059904
-1.909405
0.646659
-2.509544
2.411988
2.248937
-2.159657
-0.567428
1.260683
1.631743
1.535790
0.096299
5.076189
2.779752
1.256890
4.429557
-6.038219
-0.729586
-2.073146
0.652226
-4.060553
-2.255164
-3.001398
3.562932
-3.797809
-0.771349
7.080367
1.731913
-5.183780
1.540933
3.743656
-5.393624
-2.014308
2.323469
1.301468
-1.813176
3.243223
-1.245787
-5.186275
1.010527
1.430060
-2.382291
1.183061
-1.309018
1.757415
-8.950243
-0.391680
-0.755689
5.369601
-0.121741
-3.418049
-2.752970
0.094215
3.379797
8.385516
-3.389354
7.274011
-3.685846
-3.540655
-5.078112
2.260011
3.825674
1.824777
1.801751
-3.620936
3.619600
-3.496502
-2.129742
-1.074264
-6.049412
5.811271
-2.880590
-1.582073
-4.656241
-2.249843
-2.481541
-6.219001
1.975079
-0.179904
5.477026
-1.184939
-2.776802
0.888302
1.511223
2.040630
-2.889041
-5.410819
0.500146
0.808025
5.972857
6.695284
-0.009375
-1.048832
-6.149587
-2.073121
-0.467239
0.619056
4.303400
-5.307355
4.550823
-2.815938
2.207671
3.537647
5.107638
-1.770021
5.187303
2.390434
-3.705900
-1.584495
-4.579251
-0.209507
-5.044521
-5.989706
2.684916
5.592815
3.232658
7.337060
1.129350
-0.402939
-0.398452
0.195851
0.585510
0.954330
-1.520034
-3.430542
-2.948787
2.328252
0.570574
-1.134442
1.245061
9.018478
-1.367189
1.942024
-0.844623
2.200540
3.480612
-2.274529
-3.758018
6.847851
-2.706692
3.005672
0.720530
-1.629895
-1.766296
-0.524995
-2.042043
-3.878714
2.935371
-2.045358
0.879757
-1.046853
5.231860
5.921486
0.217102
1.069728
2.951933
3.254234
0.842192
3.806938
3.614145
1.481327
-3.611386
-1.385835
0.364846
1.696687
-1.482384
3.765409
-1.829668
-1.255938
-2.842984
-1.902094
2.950106
5.645915
-1.464331
1.504287
0.990506
0.536577
1.638039
1.958813
-2.447111
-1.117475
5.834109
-1.779930
0.538390
-2.260959
0.209149
-2.391730
0.723881
-1.195586
-4.539240
-3.272756
2.822282
-0.081461
-0.148555
-3.682416
2.539174
0.879048
-3.864240
-7.611460
-3.473632
2.891859
-0.128442
-0.045923
2.899392
2.675692
0.336362
1.858893
-3.287783
-2.555314
1.967344
4.794635
-5.352543
2.661631
-0.124059
7.182308
3.419706
0.657413
-1.531477
-6.298619
3.603835
-1.048508
2.666063
2.411556
3.872784
-8.749811
-4.927810
6.349756
-2.156350
-6.708446
0.715625
0.597096
-7.371412
2.418792
-5.119693
-4.588610
2.792786
-5.390072
3.748293
-3.409238
4.571943
8.247160
-1.894679
-4.684680
5.037321
1.337903
-6.065531
-1.906514
1.951385
4.371188
-0.820465
-1.963320
1.503238
2.762602
6.938338
5.489036
4.935826
1.845755
1.467364
-0.541140
-5.864214
-3.894819
3.382352
-2.269490
0.922641
1.568800
3.242107
2.921559
-5.568254
0.916219
-1.991970
3.488344
-0.906645
-3.522299
-5.963315
4.086167
-0.550523
0.501375
-3.639083
0.951600
-7.275134
4.082306
10.209058
3.298038
0.144184
-2.362649
-11.015100
-3.755129
-5.459471
4.973424
2.588298
5.300170
3.735434
-0.061354
-2.279109
0.498470
1.432682
-6.707398
-0.097086
-8.069909
1.659207
-2.360994
-0.714576
-0.720128
4.644791
3.644925
9.764998
6.451567
-3.406142
-2.753495
0.431358
3.376262
4.360142
0.552709
2.922247
-1.436576
2.045313
2.637157
-1.939658
-2.145030
-0.354701
-2.515166
1.626672
-1.821320
1.219691
1.834947
-4.105222
-1.987241
-6.737239
2.513570
-1.633478
-0.779666
2.145647
1.395472
-3.212352
-1.083181
-1.254334
-0.132108
5.223088
-1.121081
1.726198
2.155454
-3.279180
-1.867654
1.521685
0.875105
2.904284
2.504152
0.570806
-5.016238
0.661141
2.723480
1.034704
1.051345
-1.442590
-0.453865
-2.342332
-2.155314
3.708655
-0.226195
2.870034
0.824365
-0.832465
1.683368
1.377666
1.157789
1.464821
3.093604
-2.088401
-2.467349
-1.063221
-6.578369
2.218662
-1.906871
2.053749
-0.478458
2.818643
0.258308
-0.181901
5.774974
-6.172622
2.404005
4.250433
3.483486
2.706714
-1.116564
1.447086
0.701181
0.560938
-3.242289
2.883910
-4.038698
-6.296813
3.496027
2.081982
0.480529
1.002756
2.943424
-0.832788
-2.993469
0.869921
-0.564637
-1.475063
-1.333855
-3.178054
4.163674
-2.251535
-0.458848
8.897611
6.430060
2.948000
-10.556119
-0.602663
-4.661416
-5.763217
-3.670204
-6.636842
-3.260972
1.785356
2.630690
-2.076692
-5.166538
2.486546
6.129248
0.329209
-0.625987
3.108651
-8.349874
-4.369136
-4.108539
5.246127
3.546390
2.456429
-1.861563
-6.320373
-3.961733
3.773776
2.294783
3.204663
1.102537
-0.862856
1.261054
5.623650
5.348064
2.813022
-5.746460
6.846619
-4.625784
-3.768555
3.218638
-2.273136
0.882593
-1.767037
2.556932
-1.056632
-0.145452
-4.160083
-3.202575
-2.377725
-6.572028
-2.225445
-1.363777
1.797201
0.152487
-5.827744
-6.839123
3.062479
-0.576889
-0.254623
2.725020
-2.304969
-2.469158
-4.166684
-1.194949
-1.056682
3.799440
-4.253295
0.669060
1.723267
-6.939825
0.828298
-3.973022
1.620412
-1.995811
-2.350603
1.929361
0.301271
1.398323
0.925539
-1.989386
-0.108104
0.584698
4.475052
-3.456134
3.672346
-1.874383
2.213312
-5.010065
2.811685
-1.661677
-0.825544
-3.583686
-2.524972
5.555022
0.459087
6.671931
6.611673
1.360155
-3.072497
-0.993948
4.610211
2.994464
4.270852
1.229737
1.709932
0.027661
-0.194510
3.918682
-4.473157
2.146404
-2.810448
-4.997979
-1.177229
0.078560
-0.645811
-5.159203
-0.370168
1.465772
-1.135640
-1.581522
-2.841749
1.654700
-2.061882
-1.316910
1.104370
-1.549449
-1.194572
-0.580991
2.895747
-4.801581
-3.203862
1.223794
-4.578726
0.458460
1.693760
0.687531
0.734617
1.214747
-0.836283
2.366671
2.180396
1.528308
-0.922861
0.622401
-1.505681
3.090178
0.609676
4.883802
0.375701
0.314028
-1.415820
2.720990
-2.254837
0.544418
1.821862
5.167383
0.703106
-5.919114
-0.535838
-5.424208
-1.390687
1.356873
-1.018743
-0.644330
0.444321
-1.002600
2.009628
-3.319824
2.337246
-1.187862
-0.583015
-0.166301
2.613009
1.735578
2.220880
-2.377380
3.820088
-4.209359
-2.212536
-2.306539
4.388487
-1.234372
-2.373130
-0.852406
-6.719248
0.504377
-1.735544
6.900308
4.303169
-2.372252
2.888366
-0.762219
0.192621
0.744736
-2.328300
-1.425164
-6.210972
1.582132
0.669411
-2.080564
-2.844845
-0.149384
-1.484629
-0.669783
0.088667
10.281999
4.411298
9.171727
5.908830
0.923858
1.989577
4.779692
-5.047634
-0.737068
2.665808
-1.489591
9.255656
3.146120
9.556198
0.097985
1.297516
5.421239
6.582785
3.391750
-0.409352
-5.286071
0.428951
-4.824970
5.447889
-4.393486
0.997649
-2.934054
0.105834
6.536102
-9.628981
-2.799208
-4.179545
8.330551
1.256630
1.905916
-0.321179
-2.992099
-0.389619
0.712224
-1.442789
6.203253
-2.251870
-0.074209
0.122762
10.900823
0.178444
1.203504
0.720413
1.757508
4.425453
2.293372
-4.687803
-4.826904
-3.332002
-1.224104
1.596185
-6.075616
1.181989
1.916031
0.831931
-5.112357
4.904037
-2.080262
4.478450
-0.401544
-0.427990
0.934091
0.948603
-0.147013
1.886256
-4.762186
2.714600
-5.243436
-4.221169
1.965450
-2.684050
3.209032
-5.058826
-2.431580
-2.874995
7.332000
0.645940
-3.099910
0.236606
0.451955
1.588339
-9.206224
-0.307713
3.077545
5.347950
-6.340675
-5.103747
-1.996436
-3.312326
-2.525378
-1.383823
1.002640
0.372490
-0.716113
-0.433368
2.666578
0.767603
4.628260
2.436925
-4.968926
0.096481
7.570132
1.577653
5.835961
0.099350
-4.248344
3.645129
0.865496
-1.508776
0.192957
-0.830212
-0.980467
-2.255919
3.442802
3.058027
0.624423
1.147251
-3.140638
3.709368
2.733326
-5.034313
4.132111
2.393949
-0.686002
-4.740145
3.259567
-0.538772
0.542627
1.647310
-0.356769
-1.150543
0.052271
-1.883265
2.284169
-4.428822
-2.050961
6.943649
0.858746
6.485515
6.317469
3.554501
-5.563321
2.049024
-2.224226
4.186803
6.373684
2.772510
0.108470
-4.534911
3.408494
-4.658920
-3.919403
3.336057
4.941186
3.057801
-2.168022
5.566595
-5.893708
4.088813
0.250199
-1.721175
3.905615
6.698996
-1.874412
-1.436262
1.065809
3.404835
-1.395965
0.633670
6.227245
-5.563317
-4.554320
-1.981949
-2.876725
3.644701
-2.530687
4.429320
0.249437
1.624825
0.588286
-1.075545
3.312452
4.273713
-2.651428
-0.562646
0.074261
-0.141555
-0.610356
3.912710
1.237585
-3.364971
1.194676
1.132728
1.621499
-3.836084
2.016953
7.262615
2.317041
-4.417801
5.437730
1.474962
-1.920910
-3.234789
1.801295
2.926469
2.257077
0.409714
5.567253
2.921941
1.278197
-1.515637
0.574025
5.535185
-3.233922
-2.442963
3.423512
-1.441125
0.531055
-5.421834
0.842764
3.336333
4.115245
1.077897
1.523076
-2.942245
-6.230512
-2.505082
-0.720192
2.430245
-1.887065
1.658731
-6.999144
2.091237
8.283842
0.491983
-5.470510
2.896192
-2.931273
0.951435
0.151828
0.123583
-0.268408
4.087660
-4.778242
-1.588336
-0.725803
-2.712322
0.583191
1.629434
6.158336
0.084760
1.740004
0.971151
-3.560762
-1.072941
-2.532220
-0.679719
0.266841
-2.647065
0.130047
0.664567
-4.191160
0.804937
1.795304
-6.631498
0.199804
-1.171819
-0.140092
-3.857410
3.745505
3.564767
2.671794
4.040570
-3.666430
1.597696
0.315780
5.566089
-2.862881
-3.567097
-5.358252
0.285856
-2.838742
-0.090013
4.899113
0.014358
0.600100
0.487726
-1.603261
5.840458
0.592799
5.411657
-4.338461
1.077985
-0.342956
-5.108432
-4.411635
-2.178563
-2.224113
-2.032463
4.730347
0.276753
0.685286
-1.053336
-0.734323
-1.440190
2.646746
0.879694
3.546314
2.777523
4.530911
6.240021
3.531575
3.045307
-0.283588
1.342731
6.491972
3.477984
2.037365
-7.164557
-3.580459
-0.723416
-2.620429
2.015017
-1.360471
0.866191
-0.625762
1.885184
-0.945578
-1.479743
0.819589
-0.513656
-4.157541
-2.650580
1.244437
0.617132
-2.476016
3.784011
-0.675966
-0.606616
-0.243646
1.471912
0.729837
-3.436588
0.910794
-3.556955
-4.635935
0.026911
-0.144501
5.231433
2.116197
1.132351
1.091467
-0.631956
3.970498
3.990013
3.327253
-0.180016
-2.579761
2.055193
-2.183693
-0.840758
0.038677
-5.589999
-1.816726
-4.221311
0.490069
-2.660086
2.756087
0.616467
-3.463804
3.886621
1.871574
5.439884
-1.043757
1.061028
1.664402
0.069199
3.915429
1.534944
1.826072
2.971641
4.995255
-0.837944
-0.892922
1.288134
-4.892087
-5.334185
-4.438473
1.371496
0.353064
-0.134204
-2.951949
-3.110197
-0.781309
-1.260126
0.370454
-2.027803
-2.043433
2.782797
-1.326156
1.976032
3.349955
3.611775
-0.610892
-0.723903
3.172098
-0.433074
0.542326
0.691609
-1.280419
3.292822
5.041647
-0.000350
3.304522
2.181782
-1.237326
-0.033826
1.265413
0.403287
2.636715
1.462418
0.806696
5.069981
-3.831718
-5.791667
-1.396935
-3.334085
-1.606673
6.257765
1.547811
-2.512763
1.093462
-1.873945
0.622655
6.109132
-4.895069
2.417398
-0.821851
-2.787992
-1.786159
-4.544820
-4.388179
-1.305514
-1.330032
0.495191
-2.557089
-1.946896
2.079472
0.314403
-1.351952
0.013633
2.073912
0.537132
3.866155
-0.072297
4.627390
-0.656840
-2.385223
-2.888496
-0.825036
3.780741
2.620637
-2.837622
-3.514564
-7.987262
-1.783568
-0.512701
-2.561734
0.576602
3.340413
-2.572207
-1.493684
1.427331
0.274717
4.711410
4.364000
-4.477147
-3.109520
1.481645
0.050950
0.706542
0.520994
-0.375072
1.355350
0.674910
2.403422
2.015583
1.737786
-2.491856
-3.899962
1.645094
-2.257772
-0.510246
0.535831
1.967714
0.210366
-4.844355
2.997578
4.483765
-0.082973
-1.693539
-2.548403
0.293074
3.650869
-1.351404
1.625132
2.863764
-1.794727
0.811626
-1.589048
-5.628116
-2.648296
-1.580721
0.287134
-2.569394
-4.535554
0.083725
-2.179498
5.478528
-1.597733
-0.019780
-1.291977
0.611561
0.399041
5.671236
-4.382679
4.409107
-1.448052
-4.654868
-2.897236
1.651818
0.485462
0.538650
-0.618589
-3.291740
4.811983
0.511865
0.768193
2.195294
8.451474
-1.752908
3.273183
-1.786639
0.139430
1.713687
2.095357
2.341343
1.168751
2.244771
-0.415394
-2.240584
-6.619588
-0.469452
-1.531487
-4.635530
-1.346670
4.172456
-1.615195
0.686853
2.224387
-0.471474
4.194692
6.131620
2.719230
1.118477
0.417264
-0.127131
-1.136842
-1.681646
-2.630150
-0.984636
0.550830
-2.104460
0.232078
-3.256703
2.940394
2.600257
0.845703
-5.809206
4.556041
2.288833
-4.588412
-5.432387
-0.361432
-1.997040
-1.431052
-4.774858
0.863422
0.575166
-1.205293
2.043493
1.809139
-2.330217
0.946144
4.626716
2.600172
5.588635
-0.407029
1.566410
1.414672
-1.620097
-3.777764
-0.102928
-3.834005
-0.291060
2.783201
-4.741475
-1.973999
-4.489154
2.535915
-2.465106
0.595374
-0.200113
-1.807369
-9.189300
1.010513
-0.889132
-1.452501
-10.676718
1.614920
5.804683
-1.848950
-3.111279
-3.181295
2.145260
0.394969
-3.080878
-2.179930
-2.365185
-0.165947
-1.857532
-1.279183
0.661874
-2.911100
1.926159
2.375079
-5.039865
-1.594555
-3.998911
-5.197973
0.999596
2.185604
4.330987
1.440573
-4.181755
1.078019
3.075622
0.380161
-3.699979
2.312237
-1.774302
4.553426
-3.172501
-2.875022
-3.973814
-2.246395
-1.287964
7.996521
1.733049
-3.610162
-2.713928
-0.763424
-2.253705
2.977672
0.606543
-2.988397
-8.890523
0.448043
1.014158
-9.108164
1.513452
0.814328
2.269509
6.224367
0.396320
-1.967899
2.340925
-2.001920
-4.580855
-5.219168
-3.851842
1.301200
-1.225023
1.054047
3.528434
-0.689916
6.048357
3.720033
-4.974491
-1.772030
0.183406
-0.028146
-2.292550
-3.522149
4.505520
0.319191
-6.136200
-3.391308
1.366690
-2.031014
-0.783235
0.052939
4.395712
4.261069
-1.809797
7.766282
1.143132
-1.510288
-1.409881
-0.708918
0.926522
-2.411241
-4.662056
7.901748
0.732118
5.707858
0.993870
-0.417111
-0.108229
1.129583
-1.252576
1.512032
7.110825
0.095507
5.936238
3.946184
6.748990
4.816768
1.599507
-1.763291
-0.321821
3.448511
0.398618
-3.361796
-3.315752
-3.044901
2.657108
-1.333221
2.320953
1.606588
8.425438
0.509726
-3.840455
0.860599
-1.053847
1.465492
1.213326
3.338927
-2.122141
-1.411489
2.136742
-1.187710
2.880938
0.397208
-4.254327
2.001390
-0.749527
-3.424400
1.489308
0.791588
-2.945769
2.087157
2.766197
-1.121414
5.733602
0.547018
1.904017
1.086978
-2.503685
-2.482976
2.299364
-1.163146
-3.097787
0.171998
-0.363121
-3.112950
-1.695134
-3.396622
1.249318
2.025028
-4.664769
2.608399
-1.136028
-0.399494
-2.574808
-0.933588
0.615285
-2.824966
-2.573719
1.084368
1.263933
2.990705
-0.839716
-1.135954
1.284833
-4.862508
-0.941751
-10.382438
0.951734
-3.735866
-3.533489
-1.386502
3.090841
6.788590
-1.031119
3.524436
-1.948008
0.480035
-0.583875
1.624212
-2.303567
-12.663903
-9.093548
-0.812736
5.937997
0.084340
0.233114
3.354862
-5.199487
-3.259144
-2.768129
-3.386614
-3.367408
-0.290248
3.557203
4.640946
1.516696
-1.583160
-2.007726
3.560897
1.099055
1.765350
-4.439537
-2.516503
-0.948784
1.113492
4.042445
3.176337
-4.461510
-2.981073
-1.085734
3.448473
2.469571
1.448564
-5.140520
1.002305
3.839576
3.333871
1.851529
6.167438
-1.738051
2.802318
-2.643727
0.695251
-0.978203
0.819983
-4.226209
-0.520360
-3.843236
1.890379
5.349235
-2.688810
-3.283511
0.688009
4.716998
6.481487
6.244641
1.759094
4.997506
-1.473909
0.517608
2.952885
1.800710
1.385866
0.199611
-0.661207
-1.732817
4.000341
3.233928
5.799984
-5.892558
5.105647
-3.487639
-2.069923
-3.514544
-5.312622
-0.757279
-1.977805
3.073506
-1.408976
-2.529187
-1.622106
3.984323
-2.655284
3.139526
4.335537
2.612846
8.524149
-2.469309
6.501625
-2.026920
-2.556409
-2.420190
-0.281809
1.208493
3.387452
0.781017
-3.556701
-2.616505
3.248734
-4.438683
7.049998
6.996081
-2.913994
-5.975909
1.117678
-3.468984
3.746530
1.915416
0.444768
-3.406020
-2.503116
0.085525
1.362511
0.556417
-1.755063
-2.780372
4.388577
-1.194264
-4.463567
2.618385
1.427025
4.060389
5.188367
-7.019167
-8.118311
-2.386013
-6.029184
-0.621052
-5.852578
1.109032
0.556584
-2.755815
-2.621663
-1.783854
5.956969
-2.474765
0.685172
-4.430699
-1.681802
1.963056
-3.375596
5.659596
-5.422524
0.373818
-0.470210
-3.018887
5.757671
2.319439
-0.514023
-3.816869
-2.392539
2.932578
-3.149416
-2.512610
-5.459852
-0.348883
-2.457548
0.573335
-1.292521
6.402346
-3.598231
3.863516
4.891079
3.631137
-3.841626
3.491101
-2.387478
-2.174929
-7.302288
-4.779689
-5.498702
-1.421890
2.176137
-2.111818
5.486699
-5.222967
2.940054
-0.515827
-2.017746
1.050206
-0.328247
-0.430187
-0.092469
0.291753
-3.573302
-0.353628
1.466677
-1.981279
1.071724
-3.413335
-1.003045
-2.138224
2.613788
0.054412
-3.139241
0.210089
-1.467033
-1.698259
5.024949
0.715528
-3.308798
2.727926
-1.803683
3.465329
-4.503699
-2.098107
-2.056178
1.614576
0.250702
-3.756009
-0.828673
-5.350530
2.411753
-1.299018
0.966478
4.634280
-0.657882
-2.534953
-5.512051
1.313676
0.410516
-2.545068
1.602947
-0.863631
0.941150
-2.833135
2.254719
0.462778
1.355912
4.029735
7.675694
-0.910564
2.847727
-3.245736
3.893911
0.803280
-4.630494
5.668989
0.075848
-3.344292
0.620354
0.232050
3.626379
6.670916
-2.038677
0.185249
2.765103
2.767029
-0.013577
1.926257
-5.356773
1.496820
-0.184859
1.340744
3.503964
1.548538
-1.989525
4.241753
-1.828284
-4.098135
-1.980467
-1.544204
-0.393755
-2.489619
0.210805
1.986169
6.342871
-0.810898
1.823348
1.945042
7.270801
0.989829
-2.900182
-0.820272
-2.191143
0.461633
2.231055
2.361073
-1.539622
0.343076
2.677050
5.048136
-3.194956
0.753833
-0.031334
0.601510
1.705049
-3.350414
1.349569
0.229309
-6.064769
-3.105084
-1.248824
4.122612
-0.274845
-0.156623
-0.258372
-1.724074
0.401150
-3.867390
-0.478123
3.496321
-8.085201
-4.129850
-0.010382
3.493491
3.676226
0.681538
-1.648683
-3.315652
-4.178689
-3.250793
1.702651
-0.122792
-4.598597
3.154597
0.800292
-5.863889
-3.182334
1.122623
2.531253
-0.829479
1.949230
-3.845267
0.950544
0.196656
-0.510222
0.983909
-5.135302
-1.234093
5.375765
-1.295045
-0.330630
0.190629
10.398334
-0.893317
-2.973924
-2.705920
1.519511
-0.029805
-1.263989
4.246747
-1.014562
3.126267
-1.539391
-1.289471
-1.119936
3.684334
3.635072
-3.306340
-3.051973
-2.449706
-0.673996
0.472396
-2.748818
4.009410
-0.873449
-1.924637
-4.092847
3.858568
0.515326
-2.765408
10.728355
-2.095935
-0.211356
-0.524391
3.929827
-1.139620
-1.694491
-3.209123
1.139872
-3.694954
3.694733
-4.559028
-1.642408
-5.960775
2.327562
-2.047213
-1.769752
3.190323
3.785398
-5.501093
4.362884
4.574436
-4.745847
-0.712620
-2.361072
-3.573040
-2.370011
0.836025
-3.035610
1.023566
-0.722116
-1.865587
0.033457
-6.238414
2.098719
-1.524546
-0.057257
-0.937172
-3.906159
-3.117847
-1.600323
8.730862
5.327183
-3.502667
-0.606150
-3.786414
5.956488
1.394567
3.732486
2.664132
-4.532419
-2.522948
8.767321
-1.516019
-1.457587
1.768959
2.889061
-1.860302
2.006602
-1.650636
-5.139693
-1.637266
-7.553704
-1.802898
0.056313
0.156156
-1.200736
0.858318
0.496891
-2.359942
1.394518
0.004445
3.676600
2.219426
-0.148802
-0.594541
-1.580656
1.185869
7.983343
1.100654
1.264445
1.922590
2.300652
-1.290429
-1.057732
4.532802
-1.200491
4.290311
-3.636306
-3.367674
-0.411259
0.166223
-1.441198
-1.623183
0.205843
-1.945341
-1.260876
1.827464
-1.973619
-1.911517
3.465790
-2.842387
-4.461241
-3.267953
4.765552
-3.498428
-1.781079
-0.496935
11.845268
4.861609
-0.000898
-1.867579
1.533914
2.044204
6.584281
1.470449
2.958858
-1.614507
-1.149053
3.462335
-0.312976
1.439440
3.511583
3.234273
-4.453475
2.892744
-1.779790
-1.848719
0.109081
-2.760285
-0.492441
-0.431817
4.403073
-0.067464
2.927232
2.395665
-0.341603
3.047898
-2.419631
1.401841
-2.352477
0.242500
-1.009357
1.123067
3.420085
-5.696626
-0.625041
-2.074822
-2.511338
0.098007
0.403702
-2.064662
-2.452422
-0.460984
0.695311
0.759151
-0.839079
-2.580542
-3.428165
0.322909
2.886500
3.956041
1.293583
2.440884
3.179335
-1.252509
-0.887438
1.071531
0.844251
2.519428
1.330730
-1.524207
3.504856
4.650202
-7.324755
0.123212
2.633207
-2.825168
7.183519
-2.396100
-2.064335
-1.190756
-2.071486
-2.032575
-5.134785
-0.970392
0.587613
1.067620
-5.764353
-5.925941
-0.901280
-2.781343
3.154469
-2.977286
-2.336827
0.485565
3.813134
-2.708939
8.300592
2.833192
-2.112073
-6.305020
0.689388
2.182971
-3.881333
-4.142075
-0.748051
0.320434
-4.244873
-0.239403
4.318847
6.391224
-3.614937
-0.238366
-0.434479
1.482006
-4.303428
5.501205
-0.226000
-1.733698
1.213308
0.679896
0.141936
-3.789720
3.561016
5.249465
-5.495587
-0.601234
-2.001872
-0.148844
6.212503
-5.980675
-3.665403
0.801673
-1.560405
-0.884175
-4.030285
0.433787
1.621467
0.747453
1.075465
-4.394912
-9.203583
0.751347
-4.522136
12.027747
-0.610393
-0.273717
0.682930
0.891900
-2.916034
3.238593
-0.700939
1.568882
-3.529563
-1.271512
-0.506176
1.754224
1.345709
-3.447935
-2.015897
-2.679502
-0.591259
2.459780
-1.751194
7.483236
2.949841
-2.630770
-0.506946
-0.723302
3.881272
2.111603
5.181094
7.442761
-0.236721
-0.664433
-0.147789
-0.474510
-4.119704
0.381734
-1.180200
-2.859327
-2.739285
2.049500
0.003763
1.469553
1.943813
-6.262026
6.573564
7.958316
4.587235
-0.103331
-2.218377
4.971442
-4.118880
-3.716201
-0.466402
-5.489899
0.403705
0.206655
-1.476150
-2.777671
1.271688
3.282977
-1.826481
-5.800332
-0.760893
3.812709
-6.536340
-0.004894
-3.307579
2.348196
2.074577
0.628607
3.449212
1.547617
1.661810
-6.054167
0.820987
4.698323
-0.762243
4.204327
-0.072924
-5.049647
-8.968352
-0.535713
-5.603636
-2.485977
5.314392
0.166070
-0.144881
-4.125231
1.607456
-0.818597
-2.156180
-0.547442
-3.977842
-1.657160
-4.408428
-2.734687
0.661681
4.382725
5.516029
1.664480
2.575612
2.012189
-0.486372
-0.551163
-0.244787
2.008076
-2.494692
-0.198691
-6.108934
3.873054
1.964905
-2.280973
-2.899114
-0.531830
-0.759183
4.979217
-2.880284
-4.653531
-4.038783
5.688644
-3.864860
-3.588092
3.195026
0.059033
-6.798454
0.963048
-0.956248
-0.182086
0.933103
3.139960
7.955498
0.884817
2.414407
0.864157
-9.908749
4.457911
2.108612
-5.027233
-1.275601
-0.045401
-6.122683
-0.230391
5.814597
-0.222595
1.943301
-3.081651
-5.139328
0.231063
1.507809
2.069724
3.852375
0.357764
1.725631
-3.334082
1.775959
-1.166426
6.522886
3.094410
3.341434
-2.340605
-1.719894
-6.769800
10.846372
-5.069755
-5.359001
0.030678
0.377064
-1.507481
-2.780735
-5.102517
-2.472541
-6.992179
2.433010
-6.920488
8.785096
-1.477017
-2.058457
0.454070
5.735293
5.817419
-4.652736
1.749449
-1.877604
-0.870802
1.079186
0.562755
2.706257
5.471641
0.605652
0.922153
2.003173
-0.166092
-0.988172
-2.409395
-2.755501
-0.055413
-4.011386
1.716271
0.147803
-0.108630
-1.383752
-0.645147
-3.128501
4.230690
-1.547736
0.209578
-2.114537
-2.570128
-3.592631
-1.375219
1.061308
-0.190799
-0.652410
1.367019
-2.759989
2.696822
2.493970
-0.734782
3.421060
-6.372129
-0.399772
-4.279601
4.916091
-0.592066
9.097833
2.949370
3.869583
1.633808
-0.928452
-1.108641
-1.548131
-6.090459
0.955953
-3.295177
0.152513
1.940752
0.352769
1.946090
-4.635441
-1.530959
-2.916085
-1.762230
6.014834
2.164303
-5.520619
-0.515341
1.126561
1.476389
-1.981309
5.673893
-2.648498
-0.888444
0.412767
-2.404586
7.304548
-4.596326
1.934199
-2.164357
5.486952
2.533703
-2.436324
-4.788217
-0.217158
-2.329442
-5.786229
3.172961
4.356202
4.424407
-3.469410
3.837670
5.321898
1.303859
-0.752675
0.047761
1.387441
-0.873935
4.052627
5.721278
-4.896065
-2.942139
-1.223124
-1.915990
-1.244847
-1.705494
-4.500890
-6.367223
-5.162304
-3.963652
4.829609
-2.217751
3.402729
1.372348
-1.167616
3.590400
0.175132
1.523211
0.778714
3.173265
-1.086420
0.978644
4.807401
-1.617513
2.787997
-1.628354
-4.090865
-4.757491
2.408788
1.893471
0.521041
2.102594
-1.459400
-1.056876
-3.536055
1.743197
-2.877213
0.241469
-0.978951
2.717140
-4.045669
1.887213
1.157601
-5.459617
-3.101506
4.304717
0.878385
2.709931
1.621431
-1.345756
5.155681
0.857678
-3.444857
8.128415
0.131670
4.972939
4.993458
1.499010
-0.973037
-3.134350
1.235289
-3.374707
-0.944216
1.824617
2.033534
0.118774
-1.964916
-3.854006
-5.194810
-0.628171
5.116371
-6.604588
-2.306610
0.226364
0.191305
5.062844
-0.321373
5.165321
3.699008
-3.140582
0.909704
-7.395539
0.372732
-0.771718
0.236151
5.116433
2.406266
-4.261525
-2.657671
0.335389
-3.079911
0.658383
-4.975415
1.011631
-3.727429
-3.598414
2.765511
2.243669
-0.453979
0.685653
3.109910
0.733138
-1.220445
2.323297
1.431584
-1.201915
-2.948576
-0.110540
-3.531164
1.009790
7.154408
-1.419823
3.499191
-1.314994
-2.527022
1.327261
-1.486472
1.457982
3.716419
0.954058
-1.135072
4.532251
0.386946
-2.622183
-4.647667
1.708144
-0.001285
1.035604
0.240039
-0.659018
-1.294123
-1.051747
4.062728
1.428140
0.653032
4.917906
-1.556909
5.511291
0.181982
2.636224
0.808048
0.605042
0.434464
-2.586390
0.225102
3.335695
0.372903
1.286433
4.681420
-2.005546
-2.454125
-1.236390
2.644977
1.304735
0.701421
3.752391
2.482779
-2.427299
0.644658
-4.335182
0.956784
1.556283
-1.056207
-0.865687
2.527975
-0.466809
-2.104195
-4.039260
1.523124
1.136608
-2.315328
-2.970281
2.122925
-2.481565
-3.955628
2.695698
8.738206
0.330671
1.813871
-1.280154
4.141665
-2.765669
-2.955782
1.254362
0.391499
0.008828
-5.790345
-1.439919
2.992087
2.380077
-3.480972
-1.335932
0.619074
-2.652115
1.182456
1.886317
0.170775
-6.900855
3.173032
-2.397233
-2.920788
1.033826
5.848999
2.752840
1.410202
-1.843081
-5.080274
0.861929
1.239418
-0.547780
-1.061273
1.813220
1.211252
4.004934
-3.324360
-3.218589
-0.318812
-0.821024
4.979805
1.671738
-3.988314
-4.608429
-3.139835
0.115096
-2.272780
1.474650
0.160327
0.482109
3.439734
0.441916
3.783638
-1.981847
-1.545745
2.702331
4.798628
2.744908
-1.349824
2.114189
-1.719837
-0.835295
-2.088535
0.799054
-1.294592
-1.899951
0.996113
-0.367373
2.809488
-0.925221
-1.960830
-2.117368
-5.129987
-2.863064
1.107445
0.467868
-4.784534
4.977022
6.006938
-3.275361
-1.895041
-4.390302
-0.060275
-0.044278
3.045263
-3.974899
-4.606934
11.810957
-2.758212
3.717317
0.834204
0.707222
-2.317912
-2.663319
-4.224558
-5.903863
2.601982
2.917908
4.817205
-0.579281
-7.972837
-2.992587
-2.952247
0.422647
-1.585325
7.511528
-0.565804
5.040994
1.080847
2.486695
4.146593
-2.522828
3.050648
5.673791
-0.697777
